30 32 59 0.91
25.085093 21.328520 1.380364 1.161786
1.099546 -1.141375 0.087967 -0.110284
-8.088656 3.128819 -0.425247 0.229543
3.299499 6.681347 0.105965 0.338405
-12.716844 13.608059 -0.627045 0.686029
4.806885 2.313043 0.142067 0.143838
7.153702 16.777454 0.328182 0.927134
3.306944 -5.879092 0.209228 -0.303132
-21.395873 -22.951601 -1.201389 -1.221299
22.889939 -7.237005 1.219669 -0.530643
-4.526033 -18.028727 -0.274760 -0.987009
-8.131681 15.021670 -0.396744 0.751358
12.119968 5.369142 0.715398 0.245553
20.032046 9.389508 1.131050 0.505247
-12.722064 5.685898 -0.681630 0.323433
7.072438 -6.911286 0.467857 -0.363056
5.262850 3.792158 0.189849 0.252351
-8.086038 -2.060088 -0.445267 -0.105079
24.969643 12.817161 1.396828 0.640927
-20.733011 17.975497 -1.099819 1.086451
24.286987 16.353222 1.362541 0.898068
-4.192930 11.699296 -0.214093 0.769823
4.964780 2.484858 0.219609 0.189363
13.876640 -11.363164 0.799656 -0.626634
11.232392 7.088692 0.615614 0.491760
9.121300 16.775776 0.559506 0.960095
-18.617645 6.000876 -0.972545 0.276798
8.207431 -17.869805 0.405488 -1.018496
3.785010 -1.677578 0.296271 -0.215799
-3.474754 5.487630 -0.216475 0.297849
