45 36 736 0.85
-18.473674 7.252591 -1.371891 0.439668
13.378372 2.583132 0.828806 0.298619
0.233224 10.621285 0.090513 0.761840
12.229613 12.000748 0.905848 0.876062
3.595805 0.665346 0.281696 0.021201
4.678635 3.277429 0.301174 0.222721
33.461650 -11.049605 2.299807 -0.857335
10.369276 -6.835163 0.642016 -0.611066
-2.317814 4.760111 -0.009381 0.295628
17.487865 9.123485 1.333851 0.616586
12.422941 -23.302329 0.903359 -1.694831
5.860212 -28.116337 0.299612 -2.054816
-14.809576 33.845557 -1.081804 2.483546
19.135647 0.198325 1.452703 -0.054034
4.954070 -2.577897 0.364016 -0.215301
-11.106147 9.737951 -0.869658 0.743541
-13.355547 -7.560301 -0.835617 -0.494891
8.615337 -0.911682 0.460221 -0.107659
-6.737381 13.843380 -0.398808 1.119655
-6.448151 15.693549 -0.395458 1.127616
7.179880 10.496473 0.467007 0.695841
-5.905835 8.304431 -0.379595 0.566864
-27.701920 12.663627 -2.041029 0.814351
8.540005 1.127879 0.670047 0.142149
11.406508 17.805265 0.936564 1.292407
-22.312440 -14.640052 -1.503758 -1.020240
-1.010751 20.962677 -0.154124 1.500688
-10.017196 -7.084939 -0.746622 -0.617300
-0.053170 11.977967 -0.056654 0.737168
-5.244351 11.627644 -0.346428 0.835462
-3.159817 18.236223 -0.190800 1.305588
-5.667832 2.065934 -0.443530 0.212020
5.014004 14.707465 0.339964 0.948522
16.576830 -0.022582 1.105749 -0.011693
24.271799 -4.426292 1.763567 -0.324644
6.309704 -0.201466 0.306946 0.027459
2.376459 -8.810657 0.136029 -0.580856
3.922823 5.418143 0.245798 0.481479
-10.558422 -8.666060 -0.785617 -0.590444
5.496853 -20.072612 0.330783 -1.376778
30.045082 13.862880 2.098341 0.908623
-12.355045 5.237906 -0.862770 0.264944
11.980117 -5.816744 0.894589 -0.528870
-12.334909 -30.910415 -0.963034 -2.222318
-1.500158 -4.475124 0.024369 -0.363497
