466 608 953 0.6
-19.189805 23.144928 -0.147960 0.177266
14.366828 175.458992 0.094848 1.341948
85.849522 33.256570 0.660731 0.257875
48.806557 -28.163689 0.363400 -0.223457
81.139377 -133.944746 0.614507 -1.026350
39.073316 211.683181 0.299740 1.622394
121.258504 -85.214416 0.923776 -0.632423
277.336077 90.172541 2.110769 0.688434
181.348357 -152.398396 1.383308 -1.179632
57.753258 118.812591 0.448631 0.902637
-94.394078 -2.636567 -0.722645 -0.020709
68.592751 -34.364314 0.532680 -0.266409
-104.340774 73.518163 -0.798754 0.555531
87.360917 8.342786 0.674996 0.054542
-3.519461 -139.855003 -0.031468 -1.066154
-135.067880 59.229771 -1.034862 0.445924
53.528503 278.683093 0.410389 2.120505
65.547624 55.038577 0.499826 0.433717
127.300249 -2.352867 0.995428 -0.026067
-5.882459 -2.993228 -0.041540 -0.015127
39.419224 77.038420 0.308096 0.582634
-198.986485 -6.536390 -1.510235 -0.042510
129.492271 75.401069 0.989263 0.570658
-24.480362 141.726156 -0.193326 1.080468
233.245701 -102.687270 1.782431 -0.778788
-121.521548 109.352176 -0.927832 0.838107
17.710830 30.837543 0.126791 0.236106
84.204344 54.398387 0.640470 0.411129
181.770353 -2.056626 1.389256 -0.022269
-63.207011 44.224239 -0.489533 0.341855
-136.009478 -261.061368 -1.037290 -2.003744
201.612308 -50.726726 1.549342 -0.388518
3.663064 46.988290 0.044293 0.357052
-87.579705 102.578448 -0.678259 0.782455
70.550687 -103.087694 0.540854 -0.797565
155.915853 -45.375553 1.181109 -0.348356
-167.037945 8.735289 -1.281288 0.070310
37.715133 -40.955970 0.269294 -0.318685
124.617453 -77.907412 0.954028 -0.593149
20.716853 -2.909688 0.165946 -0.023593
10.974911 -49.851416 0.071236 -0.387219
52.681305 -49.450346 0.401897 -0.381319
103.661730 230.132004 0.788827 1.755330
-260.496858 154.913442 -1.977570 1.187432
-57.744664 45.718010 -0.430841 0.348911
102.605521 20.482922 0.784581 0.155100
-23.466818 -173.282184 -0.197938 -1.337497
-105.867813 -57.801051 -0.815315 -0.436087
-24.187578 -143.259841 -0.197849 -1.095773
-166.719875 -18.837819 -1.283027 -0.147910
311.240744 -258.849969 2.372010 -1.997312
-111.592574 -55.512161 -0.854931 -0.427106
14.712952 -106.310664 0.104903 -0.816151
50.804269 26.813380 0.401993 0.196717
-89.473034 -115.272591 -0.683456 -0.879513
106.641091 277.370629 0.817372 2.118114
-95.259009 115.972033 -0.729156 0.886608
-128.471811 -80.543672 -0.971023 -0.613489
-43.939347 -120.281686 -0.333827 -0.932854
-182.925859 246.730946 -1.387709 1.887238
32.113351 245.216880 0.248702 1.861013
40.606451 29.284921 0.315536 0.218252
32.388948 86.902482 0.255089 0.660748
94.348129 110.110089 0.725289 0.835462
364.383288 -70.217760 2.771513 -0.548661
-41.950424 -61.945406 -0.314886 -0.460433
-121.416107 163.789844 -0.925472 1.258350
-4.454183 60.549784 -0.031927 0.465608
-113.915800 -12.769709 -0.872762 -0.090299
-167.994137 -194.257763 -1.288070 -1.478760
88.457341 10.305727 0.670003 0.073779
-174.188156 274.937100 -1.338050 2.092075
35.738542 222.089468 0.278053 1.697704
117.678491 -77.967696 0.894343 -0.586285
-186.657580 300.734865 -1.435722 2.294684
22.228035 -12.915093 0.167885 -0.096495
-88.716022 267.360514 -0.673894 2.044301
101.602115 99.111265 0.769488 0.750511
114.852653 28.914840 0.884059 0.220278
-6.008212 54.531139 -0.057017 0.408152
13.794891 165.254931 0.113105 1.263769
156.557616 -221.827744 1.182570 -1.705929
-26.457234 -83.806118 -0.206289 -0.622123
91.632819 -55.563042 0.690440 -0.425494
-213.594696 -31.858140 -1.622394 -0.238742
156.104801 -1.539242 1.194878 -0.016762
88.411040 -51.560975 0.669662 -0.400253
200.395547 35.535547 1.529560 0.270186
-78.389090 239.049617 -0.599499 1.814590
-75.988650 -108.737857 -0.572629 -0.838000
143.392603 -125.186340 1.099876 -0.967876
68.807933 -117.257978 0.532076 -0.904491
-94.568857 -78.850666 -0.708085 -0.594284
48.674945 64.310092 0.374560 0.486717
-60.248231 -187.581482 -0.470157 -1.430097
-105.892609 -19.096292 -0.817690 -0.139986
45.356743 -5.353853 0.338971 -0.036758
1.683176 23.859405 0.013688 0.192602
-35.843733 34.084106 -0.268146 0.270040
-252.022946 -48.645206 -1.928042 -0.381260
-77.363066 -84.570916 -0.581879 -0.644338
188.074908 116.066744 1.429308 0.883076
-24.110216 83.513523 -0.198452 0.629898
-215.247783 -5.939545 -1.637429 -0.045476
-44.431583 -108.102469 -0.340741 -0.827206
-112.712881 -222.863721 -0.859087 -1.691448
-122.609907 157.428445 -0.930720 1.197512
84.799952 60.512275 0.646747 0.461863
61.629434 -127.234089 0.465455 -0.975675
62.350975 17.060278 0.469514 0.128558
0.092193 -90.354394 -0.010123 -0.701996
-95.007751 16.063703 -0.697823 0.133182
237.085674 -12.025282 1.802576 -0.078214
-26.691824 -73.956838 -0.215263 -0.556315
-161.490312 -47.223072 -1.231311 -0.365688
63.824833 -27.276544 0.493616 -0.212350
-59.015899 52.932033 -0.445635 0.407944
-2.347301 -133.722773 -0.018133 -1.022144
139.744008 -47.031471 1.062735 -0.343660
-20.017219 -46.510436 -0.148393 -0.363266
197.915559 -4.873471 1.498803 -0.038095
-67.960475 51.147230 -0.521919 0.385184
-0.288914 -137.577190 0.002895 -1.066830
-65.511856 -77.007690 -0.498135 -0.561015
-51.809658 -38.740752 -0.376580 -0.302271
134.371125 232.848748 1.024096 1.751749
-15.317749 11.763668 -0.108420 0.092737
28.435730 189.496477 0.203318 1.456027
121.520855 121.470429 0.925952 0.924251
85.005862 -89.925303 0.648885 -0.678366
10.848766 -151.651437 0.064987 -1.166704
-164.578876 -79.900249 -1.249715 -0.606218
121.775897 -75.834446 0.915047 -0.584141
-65.150854 61.758336 -0.502365 0.479242
17.553621 114.955771 0.131534 0.889164
-5.481053 -330.163915 -0.034355 -2.523659
-95.463409 -103.739443 -0.732534 -0.787216
-27.040673 -80.491599 -0.196827 -0.607638
-18.222038 185.503067 -0.140467 1.406172
32.291999 66.596332 0.236144 0.511002
11.733245 50.058460 0.108177 0.392289
132.062245 158.645577 1.009001 1.196705
-84.637723 -75.383039 -0.648181 -0.572273
-55.215651 -25.666074 -0.417624 -0.206061
-152.380943 48.204168 -1.163747 0.360846
67.260300 -142.531560 0.518214 -1.088009
165.543446 -128.491174 1.260969 -0.980842
25.118233 56.588643 0.200923 0.433061
-186.922259 -5.893952 -1.434478 -0.039060
93.960750 128.783535 0.723300 0.973829
88.376775 -6.774130 0.676468 -0.042722
268.982403 353.476568 2.055840 2.703909
16.626910 13.165397 0.122666 0.111332
-131.972126 133.913985 -1.016240 1.020115
95.032906 -91.547598 0.722201 -0.689200
-15.614927 37.278460 -0.100497 0.281558
94.363623 1.164072 0.727936 0.017025
123.301758 -0.855402 0.954229 -0.015031
-182.766575 -30.305339 -1.392510 -0.224893
-21.600511 176.822124 -0.167968 1.358613
-70.697329 -47.963349 -0.540073 -0.367728
-15.568406 -134.122691 -0.107865 -1.028712
-138.308675 -52.610271 -1.048728 -0.394010
-158.543850 236.942078 -1.208512 1.813672
90.529014 122.935878 0.695907 0.937582
145.797328 142.098111 1.125277 1.094889
70.199169 -68.697942 0.542829 -0.519401
84.610929 108.773725 0.639373 0.824528
-49.173698 -96.508568 -0.376259 -0.726900
-200.458920 159.153595 -1.531001 1.200943
-80.042099 -92.906586 -0.620056 -0.705670
-179.883458 -7.378254 -1.377623 -0.042553
-47.455750 -148.563488 -0.369731 -1.128098
-58.533950 -116.365688 -0.442323 -0.897966
50.027174 -168.027796 0.376070 -1.275191
37.865119 137.447290 0.291771 1.049141
98.989847 -55.580063 0.755350 -0.424046
-12.215794 -10.109223 -0.088023 -0.069336
-155.379946 -105.856122 -1.182186 -0.807089
24.838628 14.813325 0.184340 0.112200
-156.116650 43.947929 -1.190970 0.336147
-37.560375 -113.438389 -0.288451 -0.868148
19.334718 204.207331 0.151086 1.549555
-104.425541 -136.291469 -0.802728 -1.035134
-7.265856 -75.546964 -0.039531 -0.583589
-28.678150 -135.001591 -0.218778 -1.029438
219.864513 107.541362 1.686498 0.819890
-229.996706 -84.870352 -1.751765 -0.651440
-200.002144 173.256547 -1.532417 1.323079
-43.943246 146.971384 -0.347533 1.120596
45.893799 -102.121110 0.338780 -0.781981
-77.442449 85.431053 -0.588884 0.647337
-126.203312 -200.846883 -0.964909 -1.532494
13.197450 -102.119394 0.082485 -0.769928
71.080309 76.544532 0.552739 0.601032
59.190504 96.073219 0.448483 0.732592
98.580094 115.352061 0.741316 0.878343
-24.920845 59.329745 -0.200706 0.452152
-94.333085 54.469292 -0.735316 0.416756
-58.475384 -182.075206 -0.432090 -1.398060
-82.997685 82.446000 -0.638166 0.638091
96.214859 119.703143 0.728834 0.933009
-150.451377 101.400635 -1.138146 0.775976
127.567142 195.284672 0.962072 1.477741
-142.509392 37.004100 -1.091124 0.288700
207.452354 62.522726 1.574145 0.467205
47.247100 282.816051 0.363010 2.164785
-22.420234 -69.912423 -0.167951 -0.533644
-76.536027 279.412701 -0.593328 2.137066
-319.019605 42.015994 -2.438720 0.316779
66.643970 -148.117322 0.516876 -1.123953
150.982068 -220.215696 1.161091 -1.684087
58.624252 -8.878764 0.453245 -0.055610
-177.632003 136.995452 -1.354938 1.036161
74.089258 -20.459461 0.569636 -0.154511
61.723543 -143.973340 0.477167 -1.111361
-32.301869 51.242080 -0.248880 0.392864
132.858261 -99.784390 1.019207 -0.758295
-90.841868 -12.938304 -0.688892 -0.107147
5.395791 99.482339 0.037085 0.759171
32.394552 12.007124 0.238188 0.090930
156.286037 -9.187277 1.193328 -0.072017
-163.216681 -81.385123 -1.249264 -0.619730
-12.149936 -43.516769 -0.098822 -0.330113
-199.959458 106.841824 -1.523103 0.810700
-21.051121 51.199997 -0.156380 0.387949
52.281472 61.844516 0.407743 0.467417
170.324258 371.331622 1.317783 2.827662
-124.036462 299.359582 -0.945313 2.298126
35.411791 17.455519 0.271724 0.132826
-289.462255 -115.499956 -2.213527 -0.884598
-135.268156 -202.848789 -1.034846 -1.548717
-247.204894 30.119567 -1.883322 0.232579
-98.152680 -154.156954 -0.751570 -1.179796
-91.766875 99.814273 -0.697137 0.763298
-130.869003 -1.630182 -1.008870 -0.019165
-74.866624 328.706186 -0.567690 2.508415
-36.753302 127.446706 -0.292989 0.978533
-98.629852 -206.479296 -0.750846 -1.568224
80.064288 -212.381664 0.626531 -1.625043
-31.062562 -168.032685 -0.242383 -1.284551
37.857822 -94.129646 0.286265 -0.723784
59.529004 83.407119 0.457756 0.624760
42.272841 42.025678 0.312227 0.325884
-71.302490 119.063375 -0.544766 0.919159
62.483067 43.307846 0.489832 0.327270
-153.853095 135.150332 -1.171871 1.035303
139.962833 -392.281087 1.073293 -2.996504
69.232600 240.731212 0.518724 1.833020
-110.858217 -74.671015 -0.841304 -0.561140
-111.826691 71.228293 -0.854451 0.545121
-23.369803 -65.481942 -0.174335 -0.519940
-12.328370 234.213496 -0.105418 1.793693
-93.165133 81.074831 -0.713242 0.634486
-248.637409 -137.755739 -1.893625 -1.054636
-64.402090 -109.365156 -0.501365 -0.835905
-163.246990 292.987759 -1.244949 2.224513
-59.435639 249.143915 -0.458506 1.899575
-105.872591 154.939548 -0.814810 1.169458
-100.916603 -69.968331 -0.763176 -0.529248
42.398513 163.060372 0.324198 1.239636
90.349020 304.133603 0.693301 2.317307
-23.340517 -91.505397 -0.180277 -0.698928
131.586344 -142.752680 0.994484 -1.084639
1.367353 137.215726 0.001000 1.048284
112.024227 56.810913 0.849162 0.429513
-2.478220 -169.752821 -0.031756 -1.288456
109.705882 54.433408 0.844327 0.417224
-18.494950 293.483243 -0.148056 2.245661
-54.338787 -53.341028 -0.409085 -0.410905
-264.568537 -173.931404 -2.035271 -1.321816
-13.395095 14.768613 -0.112660 0.118501
185.738477 -233.471622 1.405063 -1.785211
76.986862 122.211760 0.583761 0.925962
163.938149 18.476544 1.240130 0.137623
-214.590295 48.322799 -1.632009 0.378429
0.170842 -17.077130 -0.007604 -0.135266
11.297801 -286.818019 0.083994 -2.192500
114.881827 120.316336 0.868680 0.911727
196.984580 21.210344 1.505062 0.139024
-4.385235 -136.517595 -0.030441 -1.048032
75.063432 12.349006 0.558618 0.091742
59.523933 121.688956 0.442704 0.939181
-56.836059 37.992971 -0.433307 0.301460
-25.928917 187.559295 -0.204250 1.426544
-46.585600 109.036714 -0.341471 0.841026
-172.652336 51.215711 -1.306790 0.390597
-67.660080 234.888578 -0.526446 1.797893
-9.065290 108.518321 -0.072425 0.829384
-85.037658 40.570841 -0.650909 0.296522
33.933484 111.294059 0.243150 0.856312
-96.627040 88.277330 -0.727331 0.683364
-186.486821 47.945006 -1.413157 0.360157
-112.807571 -104.792258 -0.857443 -0.802765
13.794565 8.192789 0.107852 0.070773
79.573263 164.807002 0.604778 1.254061
-24.157504 -37.414396 -0.196101 -0.284612
-300.128747 97.886427 -2.287381 0.753161
37.412525 97.607075 0.279376 0.740211
68.523311 -50.732448 0.524882 -0.403545
-104.357776 315.395026 -0.800572 2.396701
109.123753 -155.225558 0.842278 -1.178164
-146.851607 146.247760 -1.124380 1.120717
-120.593041 101.447855 -0.922784 0.756586
-101.008071 -223.784976 -0.755255 -1.701943
56.122771 94.607587 0.418651 0.724068
25.293363 -87.545108 0.196608 -0.667994
99.033480 9.215830 0.765485 0.066303
179.177414 -335.605940 1.363798 -2.564554
-80.408744 -20.213412 -0.624304 -0.148610
185.094814 147.282846 1.413862 1.110182
48.936447 -201.996873 0.365947 -1.546438
-58.707245 -35.864850 -0.457789 -0.274028
67.113717 147.077307 0.506429 1.126307
-233.719225 93.549178 -1.783699 0.713695
-137.160129 -54.725989 -1.051320 -0.416359
8.879284 165.647318 0.060223 1.260945
-211.523901 -47.107688 -1.618030 -0.348841
-125.762966 225.141328 -0.977113 1.722157
33.967322 -122.968717 0.247679 -0.941853
-74.456568 -81.032026 -0.583757 -0.617636
-31.216782 63.082222 -0.240352 0.471739
54.977982 -192.735651 0.420319 -1.468119
92.907891 -45.850049 0.723153 -0.356442
29.239425 -9.458348 0.225071 -0.081867
-85.534818 31.495085 -0.651704 0.250441
-54.808636 -79.722263 -0.410986 -0.603646
-13.554372 -33.168673 -0.091235 -0.253004
49.361238 96.408698 0.382796 0.744624
-298.741080 78.912316 -2.282805 0.607579
-178.549233 99.378672 -1.373701 0.758970
-89.168910 -166.028473 -0.689905 -1.255936
3.366817 -88.703835 0.017643 -0.679812
56.843758 91.923404 0.436973 0.697255
-112.271361 146.845475 -0.860413 1.116527
73.376276 83.847920 0.554240 0.634004
-97.711601 10.817737 -0.761419 0.082404
-49.401638 -100.821328 -0.373163 -0.764163
-61.572823 151.310547 -0.465746 1.162123
30.302612 70.060681 0.232725 0.535424
-400.589373 97.580777 -3.044563 0.739922
101.505850 -35.289795 0.771268 -0.273859
144.699749 177.418579 1.097214 1.377373
-72.679288 256.109643 -0.547699 1.964559
26.184744 144.495026 0.196730 1.110619
36.427087 64.109481 0.278097 0.484423
-60.827921 -331.958009 -0.460725 -2.520351
-59.175289 -32.731881 -0.465753 -0.239250
189.591460 -298.372873 1.446463 -2.274716
-136.049284 -295.727356 -1.030096 -2.245681
-291.521344 191.959725 -2.219066 1.479675
214.680236 126.438129 1.636300 0.969071
-251.323744 -9.695783 -1.934684 -0.072116
-102.063892 -140.642460 -0.768840 -1.078424
-65.086158 96.249850 -0.497734 0.731554
-105.028012 349.820338 -0.799854 2.675474
-194.178199 41.940790 -1.486721 0.321472
-65.597311 143.821673 -0.491260 1.113767
12.048010 -35.305403 0.083523 -0.259903
-403.789545 225.946053 -3.083427 1.734477
248.875194 75.416910 1.901418 0.573255
-59.604592 -113.201388 -0.452679 -0.861878
-160.916296 -3.923725 -1.222336 -0.025418
-21.837736 -35.984426 -0.160179 -0.278498
2.313198 164.716548 0.014341 1.268387
194.660856 -193.794500 1.472076 -1.483694
-84.773660 75.384899 -0.647631 0.572850
142.359485 -208.162366 1.082906 -1.583694
-99.161108 -144.985464 -0.754777 -1.116242
-111.701612 -119.180370 -0.862128 -0.914176
-33.458878 -45.130844 -0.255505 -0.340993
-40.875770 -177.257337 -0.316367 -1.348096
22.865482 161.233820 0.176720 1.215604
118.450657 -104.848125 0.908144 -0.796217
24.185322 181.637490 0.181222 1.387588
98.859796 -47.029878 0.746313 -0.363120
-128.047437 -127.979844 -0.956082 -0.973040
-140.638477 125.171388 -1.062149 0.951434
-94.212449 -124.526209 -0.713925 -0.955281
-31.357503 -2.895007 -0.238517 -0.025507
-28.611797 135.355872 -0.209930 1.021898
17.209515 -281.552031 0.129381 -2.147314
56.140714 -56.835145 0.427313 -0.429755
-301.617000 75.606193 -2.305045 0.576008
21.324406 -314.152342 0.171501 -2.392088
-171.079146 -209.160069 -1.307010 -1.598990
-2.641929 76.606657 -0.009395 0.590435
-18.263426 -37.197672 -0.135513 -0.276350
118.615240 6.669502 0.903014 0.040367
22.076329 25.538642 0.155578 0.203643
11.877782 -42.528847 0.084193 -0.331647
-196.356267 63.851940 -1.499993 0.490339
-53.130076 16.336206 -0.400796 0.123817
158.378517 122.548006 1.196788 0.932504
-109.066238 126.058218 -0.837409 0.970380
-193.712363 30.977217 -1.488431 0.243132
-146.348217 -190.558646 -1.103732 -1.461036
-120.303651 -31.209927 -0.916827 -0.252410
249.064731 55.168933 1.891477 0.420527
31.257512 -93.712519 0.235948 -0.707817
39.649870 154.152119 0.297126 1.172437
57.149390 374.818456 0.434945 2.871350
-95.926499 -54.629263 -0.729045 -0.426431
34.252392 -70.384858 0.270873 -0.537300
24.944847 58.245714 0.189589 0.433494
-105.562392 36.001381 -0.807377 0.274415
-56.840820 73.452437 -0.441095 0.556768
180.392973 -4.075217 1.383616 -0.026468
-62.703461 158.447979 -0.480432 1.206661
-72.945737 -112.688443 -0.556003 -0.866805
46.620747 -19.734508 0.367694 -0.144181
69.267900 -87.660178 0.541079 -0.657227
98.514760 -38.983375 0.733608 -0.291279
184.995780 -305.561269 1.395999 -2.335161
-107.122797 -185.736499 -0.813072 -1.409861
-18.351877 139.777396 -0.144940 1.064082
-90.041519 109.431471 -0.694569 0.823579
-184.297871 44.565888 -1.413482 0.333340
-42.242164 -45.147999 -0.329945 -0.337362
49.066387 80.995831 0.384977 0.612975
38.898631 -40.853564 0.294434 -0.305827
-88.939164 -99.304534 -0.673052 -0.764699
-99.284759 171.439246 -0.755944 1.309798
40.406680 -36.327706 0.306752 -0.278852
10.494946 -15.486201 0.078887 -0.120699
-220.439499 -98.282317 -1.680645 -0.752054
-30.870439 29.925979 -0.235355 0.229333
26.983764 -62.886350 0.204298 -0.495940
66.710201 147.744287 0.504061 1.132147
102.596177 73.103052 0.782842 0.565169
143.377250 18.599529 1.094876 0.132330
5.401831 -81.384034 0.036837 -0.626307
199.736200 -47.358064 1.518787 -0.365352
73.738213 -122.691667 0.564037 -0.938062
59.195806 -131.106076 0.457501 -1.002915
-80.763230 -252.605720 -0.616035 -1.920072
6.449485 -196.222420 0.053575 -1.502691
-114.223116 -178.290210 -0.876424 -1.365279
76.776770 208.336824 0.577899 1.580035
-149.444781 -91.292919 -1.135959 -0.690387
-314.287387 179.304291 -2.404339 1.377739
29.401110 387.687857 0.226999 2.958840
100.169498 312.868692 0.750346 2.401499
-99.036083 164.979246 -0.751001 1.264516
-51.423078 -29.928801 -0.390093 -0.241067
-72.450971 -131.901245 -0.555380 -1.010978
-7.054718 83.459449 -0.060083 0.627117
111.097313 -240.952303 0.850718 -1.844300
-80.382368 -129.909911 -0.606707 -0.992943
-116.924208 -93.822557 -0.902101 -0.719665
-18.097915 -149.474670 -0.142654 -1.134638
-215.622613 173.055991 -1.656040 1.319931
-73.307339 3.538424 -0.562890 0.009300
-186.006171 71.323130 -1.427709 0.543716
-31.194013 19.933820 -0.242192 0.149671
-47.375785 176.246273 -0.370225 1.341993
-40.071967 234.055421 -0.299136 1.786760
-6.605048 -123.865181 -0.034186 -0.934686
-17.801172 14.049167 -0.123497 0.117478
-287.150631 102.403248 -2.189617 0.763273
68.982826 132.793908 0.525964 1.002525
80.163318 29.684330 0.614389 0.219411
106.453153 22.416098 0.807011 0.167378
-143.996404 318.177663 -1.101161 2.427066
205.180886 -73.896004 1.569419 -0.567014
78.616890 216.223382 0.599846 1.652316
