427 716 743 0.9
-371.057429 363.555571 -1.880836 1.833075
-139.531475 -94.298020 -0.702714 -0.476096
329.739390 -148.439851 1.656896 -0.746846
50.563877 -232.349949 0.259665 -1.173762
29.700900 571.771705 0.151600 2.880247
-142.425907 26.925980 -0.724108 0.139856
-83.362312 175.566292 -0.419978 0.885249
82.917999 -121.836411 0.418970 -0.613578
54.845125 20.426184 0.277869 0.089745
278.088719 -96.563104 1.398170 -0.492217
143.416347 -60.336254 0.726122 -0.299334
-266.743851 -97.990587 -1.340580 -0.508912
368.379539 -116.954651 1.867969 -0.587953
-246.696905 -206.618501 -1.241329 -1.032612
-152.277175 141.934146 -0.760149 0.720141
-176.838858 247.811286 -0.894145 1.262053
213.913690 120.758048 1.082158 0.613779
176.169601 239.644208 0.892106 1.213726
-156.855059 -196.705682 -0.797437 -0.992171
-205.379239 154.215734 -1.038318 0.777640
-106.164571 -204.043667 -0.538725 -1.038197
297.700987 35.533754 1.503985 0.181355
19.360388 -107.257434 0.101655 -0.533790
-213.343050 305.322368 -1.072035 1.550919
-57.510540 331.026862 -0.291191 1.679654
-156.312263 -234.887380 -0.786419 -1.182154
-245.988196 56.379242 -1.242886 0.288773
314.106406 -37.327763 1.586933 -0.191129
89.541798 469.655851 0.457247 2.371669
-76.007633 -75.919697 -0.392874 -0.387122
343.342031 -228.045944 1.733010 -1.150298
-34.184358 108.205434 -0.182059 0.544822
-2.339826 -355.793029 -0.021928 -1.804695
-55.821071 156.191468 -0.284018 0.783871
-294.894395 -26.455636 -1.492675 -0.136297
-435.943063 61.669722 -2.201048 0.307412
201.454246 -112.122982 1.020448 -0.567543
128.103371 314.870644 0.638656 1.590179
-327.229758 -8.051027 -1.657047 -0.042817
-179.966912 -174.397308 -0.909827 -0.884841
201.562535 342.471243 1.016169 1.735813
-94.484690 -41.274538 -0.477953 -0.203990
-137.782071 510.332114 -0.695627 2.587434
123.655741 261.733871 0.623028 1.321718
-66.182205 245.296217 -0.335630 1.235428
224.199192 484.417262 1.136872 2.440931
12.727440 -57.759482 0.064609 -0.290617
-135.996783 134.546135 -0.694489 0.682422
-48.998601 305.763364 -0.258712 1.540841
30.478763 118.025753 0.152606 0.589539
71.057434 145.070940 0.362984 0.725811
190.188693 -96.645201 0.953748 -0.487598
-222.587238 5.320599 -1.126373 0.028567
203.518736 -132.882168 1.025093 -0.665416
-420.351837 -47.979896 -2.119258 -0.246027
-127.542525 -168.714058 -0.640428 -0.849248
93.982150 104.173933 0.470586 0.527707
-104.723982 95.888375 -0.535959 0.482967
-239.770012 100.840326 -1.201705 0.506336
145.347774 41.372201 0.731121 0.201911
-111.680100 297.254996 -0.567834 1.513447
-136.392088 66.675515 -0.690303 0.337246
342.015189 -66.136569 1.734257 -0.332524
-445.165668 -166.704517 -2.246962 -0.851525
246.648694 -64.421880 1.244959 -0.324842
199.836845 272.633562 1.005393 1.381015
-286.501649 213.653971 -1.449605 1.079683
-27.627087 -151.899708 -0.131423 -0.764971
171.897238 328.271956 0.873464 1.666155
-292.008872 88.078188 -1.466554 0.452862
189.585064 -21.098108 0.950271 -0.103228
-155.509145 24.457274 -0.777549 0.120180
323.805601 -222.918152 1.636786 -1.127810
-120.305669 -509.996848 -0.606717 -2.570910
-231.866815 -189.489071 -1.174486 -0.960404
-490.631599 -38.607759 -2.484263 -0.180900
-135.227180 133.439071 -0.691273 0.668700
205.714434 45.569915 1.042276 0.232858
-152.650334 208.106220 -0.766257 1.042392
46.886254 -45.084226 0.228258 -0.220269
-577.928781 -171.107863 -2.923022 -0.864165
-119.994751 -53.950434 -0.602971 -0.270296
-174.717732 113.331983 -0.887031 0.579094
81.502827 -156.747339 0.405573 -0.786525
-283.282242 -43.013880 -1.429102 -0.223063
31.586230 227.068593 0.154819 1.140655
15.441593 -116.229100 0.071876 -0.586794
43.495161 6.814027 0.218967 0.036282
-220.107246 216.101787 -1.115534 1.094750
371.338129 134.752092 1.880217 0.678989
-321.100865 -52.732052 -1.621352 -0.271565
224.239552 6.510716 1.130690 0.031690
115.163272 -459.146252 0.578583 -2.310560
-16.055858 241.018393 -0.078910 1.218553
49.481968 155.418077 0.244630 0.791886
-402.285489 270.905907 -2.032111 1.361717
-52.923605 124.636320 -0.267257 0.631847
552.768894 -169.769146 2.783260 -0.857430
-306.393799 201.920587 -1.555639 1.024864
-382.959975 -108.361378 -1.938807 -0.549695
-61.899591 -126.676806 -0.312958 -0.639545
-68.083281 -98.373624 -0.342084 -0.497962
146.057650 23.018380 0.742521 0.125087
12.661363 -103.725862 0.063648 -0.520493
485.858432 90.325358 2.448844 0.446878
-201.012045 -256.082815 -1.019763 -1.288453
249.425753 135.364911 1.255359 0.683466
324.888242 -28.428753 1.646088 -0.133920
-148.797083 -27.274032 -0.753989 -0.136063
-16.955137 -9.151430 -0.088643 -0.041715
410.455349 31.202332 2.065812 0.155463
105.746897 -232.266847 0.532278 -1.169639
-8.729586 434.830903 -0.057995 2.202664
233.151523 101.940865 1.178958 0.509543
116.399756 72.597528 0.592556 0.366066
-71.209244 48.836645 -0.364938 0.245844
127.352160 89.916826 0.646729 0.453682
-50.199222 199.580266 -0.250274 1.010416
79.596053 44.560423 0.403872 0.229701
74.413082 -212.540678 0.376384 -1.078183
-10.276490 -261.085767 -0.046694 -1.318287
45.124795 -216.330294 0.230105 -1.095754
34.195067 67.081161 0.172467 0.346979
-54.864336 235.751267 -0.273862 1.187328
209.734151 -359.572344 1.057589 -1.809762
-32.515460 102.335972 -0.165958 0.519382
-60.500136 79.884618 -0.307914 0.399964
55.069557 96.494724 0.286451 0.485495
-382.247680 454.263210 -1.930179 2.302636
33.785834 22.013538 0.171434 0.112889
-99.482547 215.056494 -0.494622 1.082101
-21.759528 226.461345 -0.116327 1.144256
-207.770469 -181.898505 -1.052444 -0.921849
168.319240 -213.785313 0.845207 -1.074369
168.274682 173.073747 0.851761 0.885248
99.106955 214.480323 0.507420 1.090129
-109.588755 -95.782951 -0.555274 -0.488668
-175.306123 -44.656523 -0.881837 -0.217120
-114.588261 -394.810658 -0.582359 -1.993770
-141.153834 -73.761002 -0.716747 -0.373505
52.384749 -108.472830 0.263091 -0.537553
200.479680 -177.594430 1.004323 -0.902280
-324.939364 210.835212 -1.652260 1.069649
-265.483264 234.183406 -1.342774 1.174317
149.052835 -187.735602 0.751535 -0.946778
-182.176008 225.524194 -0.915479 1.136837
186.383787 70.459847 0.936161 0.356631
-163.731064 -75.225737 -0.826309 -0.384277
433.619070 -8.093083 2.194765 -0.048065
181.032640 50.707085 0.915062 0.259167
10.037739 -60.454177 0.045787 -0.299659
-76.151132 402.797854 -0.382338 2.030859
-342.691983 -134.263538 -1.728954 -0.677561
70.180407 -91.651378 0.361064 -0.463520
-143.858234 -49.329020 -0.722143 -0.258505
483.072255 -43.429572 2.434269 -0.218470
70.179096 -70.805441 0.354221 -0.362889
-198.326286 73.059993 -0.995126 0.362137
-218.428119 185.950248 -1.105099 0.944919
-20.558412 -108.668484 -0.108119 -0.545523
310.589224 -103.464856 1.558653 -0.526501
-306.172309 146.728005 -1.540369 0.749771
134.383820 -443.850678 0.673632 -2.236101
-106.262799 -444.813540 -0.533354 -2.248769
134.844104 -266.200922 0.684719 -1.343008
-46.213453 123.044855 -0.241115 0.621696
210.017223 179.860367 1.055368 0.918084
-7.392760 -286.300928 -0.041076 -1.447324
234.072648 -226.629487 1.184255 -1.142854
-158.709386 -17.633303 -0.809915 -0.082775
-3.694875 -334.230346 -0.013154 -1.692704
96.938243 -50.070050 0.479820 -0.248360
591.084605 -141.324458 2.992476 -0.722360
-111.180959 163.285991 -0.553445 0.821504
-153.200268 -164.326051 -0.773703 -0.823313
196.040798 -111.396389 0.990425 -0.556850
-44.915403 -135.242054 -0.234230 -0.693095
-205.803929 -153.037370 -1.038080 -0.781547
214.199655 124.086665 1.087586 0.629537
-112.847765 -274.667541 -0.568773 -1.390732
-135.373516 139.620797 -0.685640 0.695677
8.033754 -36.156224 0.042761 -0.179023
-131.802234 -205.435921 -0.670133 -1.034106
-14.440749 -279.001835 -0.071876 -1.414252
179.384219 -172.874591 0.903186 -0.863252
215.031978 160.689606 1.090978 0.810953
-68.771344 56.908974 -0.350031 0.290937
-19.999905 -192.575536 -0.102462 -0.975563
148.517739 -127.477464 0.756801 -0.641091
82.581099 -103.400400 0.408859 -0.513654
35.096967 36.231288 0.180502 0.193405
103.237986 238.589923 0.529396 1.205160
363.734358 -216.563256 1.827170 -1.087508
-211.070376 -145.754920 -1.066039 -0.740199
52.631057 561.778370 0.253135 2.842308
15.048419 116.182791 0.082294 0.586784
95.051708 160.569339 0.485729 0.809059
-327.623052 -86.404725 -1.649914 -0.445912
97.977177 105.006033 0.494187 0.527560
73.946179 28.050925 0.373641 0.133718
-89.913951 237.989537 -0.462133 1.195959
-190.095394 34.087447 -0.967529 0.170049
-57.538078 -199.046812 -0.298368 -1.006110
-58.709445 96.676562 -0.302819 0.493309
-292.813322 22.554803 -1.474371 0.108776
21.645927 49.978559 0.101427 0.256123
-139.372973 -393.844950 -0.696956 -1.987350
69.417092 40.741900 0.351713 0.209155
-82.485608 178.447199 -0.419144 0.911167
65.410965 -264.404027 0.328586 -1.340741
-170.558942 295.336513 -0.865882 1.489137
57.646773 -31.012867 0.288027 -0.151264
-131.813882 -163.425224 -0.655869 -0.828663
133.457137 -147.486071 0.671744 -0.743124
-118.047231 -115.751286 -0.592750 -0.587926
385.140447 287.205953 1.942483 1.448307
-168.982307 -94.469002 -0.853895 -0.479890
192.180577 -193.088014 0.971804 -0.979707
-223.863811 -289.225844 -1.143095 -1.470120
6.652126 -36.916230 0.030628 -0.192362
319.069577 -182.705987 1.616498 -0.928243
254.400183 653.042392 1.288750 3.293471
-38.414265 -178.281695 -0.195478 -0.900258
-90.997140 -58.916432 -0.454736 -0.296782
225.750323 44.044051 1.132621 0.220986
-42.554789 -186.233378 -0.210979 -0.943278
226.392217 271.574650 1.144171 1.373126
-59.900431 37.426739 -0.298827 0.184719
-259.046031 -261.403245 -1.311233 -1.315191
309.539745 -100.325197 1.567119 -0.497375
10.278934 174.329248 0.048663 0.882266
160.829159 172.489635 0.819459 0.867870
62.987281 425.198620 0.314182 2.145002
183.505838 -110.851540 0.929369 -0.554066
-199.131997 -78.205627 -0.999765 -0.397955
-131.052483 -55.496721 -0.664197 -0.283121
23.057223 -112.196977 0.110644 -0.559087
288.460639 -618.898836 1.467635 -3.128325
120.495775 103.707698 0.608829 0.525937
-63.403556 -108.358756 -0.315155 -0.548362
-178.907012 365.208023 -0.913255 1.849270
12.325934 158.272199 0.062531 0.795654
-286.971691 -11.287486 -1.457123 -0.057364
-119.323917 -52.777246 -0.599853 -0.259875
88.216627 -141.268206 0.441788 -0.710665
-145.795463 54.595262 -0.740189 0.275198
60.383905 185.198028 0.301439 0.935502
-107.868580 -14.352603 -0.545729 -0.068651
-53.442124 -55.123788 -0.260807 -0.280647
57.866445 -51.901926 0.291919 -0.267401
157.953447 73.107061 0.805163 0.365341
134.667369 155.248989 0.670576 0.780730
270.804750 178.015492 1.370843 0.899250
-105.238774 128.501121 -0.538311 0.649162
36.377707 -131.347003 0.178616 -0.662944
-422.978271 77.064710 -2.133603 0.388488
-180.789055 29.834980 -0.921947 0.143266
31.071441 226.289519 0.159946 1.147031
-130.690800 -51.478876 -0.658531 -0.256340
-100.481683 -52.445642 -0.510017 -0.256967
57.340065 41.177834 0.289342 0.204607
-68.482419 246.047732 -0.343908 1.247374
-96.088215 334.116625 -0.486236 1.688491
-30.907374 97.479386 -0.154512 0.483720
-418.778556 79.223349 -2.124706 0.398500
-8.344614 -270.633104 -0.049351 -1.376211
138.362763 14.675983 0.689105 0.082624
242.647761 105.437356 1.226716 0.521109
29.018621 -324.348910 0.148169 -1.642365
-187.890116 181.486588 -0.946395 0.909132
145.792779 -33.863536 0.738551 -0.170865
471.177175 -214.576646 2.372923 -1.077380
267.714830 55.249100 1.351367 0.270110
-125.959757 -203.718884 -0.635877 -1.027868
-173.750202 -32.915938 -0.877449 -0.170746
106.225986 269.990634 0.530981 1.358130
-75.868943 27.607201 -0.376997 0.132651
-109.984697 -189.837055 -0.560470 -0.956658
242.608574 4.711817 1.230414 0.020920
-6.677683 -238.995697 -0.041660 -1.214100
21.138374 -61.989076 0.115601 -0.314576
21.235009 -483.469951 0.110798 -2.434279
-255.084876 239.327326 -1.287870 1.204574
59.699941 207.664440 0.303996 1.053496
97.364195 197.617714 0.490102 1.013252
463.282210 -66.867194 2.343929 -0.334472
-88.970918 84.280068 -0.453743 0.431444
251.201019 116.344864 1.269497 0.585209
-5.764117 -254.561251 -0.033585 -1.291164
167.479673 275.212486 0.837480 1.389759
-88.609799 23.728872 -0.439855 0.126056
85.697197 -78.121757 0.435143 -0.392623
86.489183 204.811271 0.439424 1.029500
-303.546404 21.310866 -1.528806 0.099288
111.697156 -439.384195 0.559800 -2.215168
-159.949469 -85.464207 -0.804818 -0.417915
319.475501 -189.197566 1.613000 -0.952005
-526.841644 -52.344738 -2.655316 -0.266253
-332.671705 -52.305600 -1.684263 -0.255570
-29.551178 39.818066 -0.151640 0.202598
74.139801 -63.737106 0.383913 -0.321375
-166.254534 -243.803347 -0.839137 -1.240327
-88.529519 25.707646 -0.451684 0.132974
52.770505 4.839733 0.270061 0.023153
-440.849442 -269.530477 -2.235569 -1.357887
-57.459481 392.694728 -0.291877 1.980988
-71.881258 130.631378 -0.366135 0.663465
92.020066 -565.540610 0.463869 -2.855330
150.622413 126.818610 0.752985 0.641845
-194.428686 37.124515 -0.980097 0.183243
-47.173535 -432.832424 -0.236840 -2.188375
-153.782083 -317.738234 -0.779699 -1.614618
-148.261481 360.813988 -0.742263 1.815173
-140.948185 303.638268 -0.722866 1.532772
270.048053 140.164740 1.366248 0.708786
10.672443 542.832447 0.054740 2.741178
93.943144 154.334722 0.477222 0.781175
429.636305 24.516715 2.169411 0.123442
20.332009 8.171383 0.100004 0.035089
94.143754 -15.483232 0.469577 -0.081933
-321.188543 52.712600 -1.621421 0.267892
26.494157 292.377087 0.133244 1.469508
-49.384895 271.067603 -0.251002 1.369507
-299.687586 5.167576 -1.510819 0.028446
183.550040 63.626913 0.928245 0.325018
14.591970 -170.626993 0.069612 -0.868350
-79.195093 -10.768579 -0.392526 -0.043539
497.175858 81.877888 2.517786 0.417384
-105.953240 -363.167799 -0.528409 -1.827341
-225.170962 310.680406 -1.130482 1.566855
23.434666 110.613438 0.122886 0.558617
-1.352784 -86.876228 -0.008386 -0.434113
-15.933209 -430.306634 -0.088420 -2.178977
222.875542 -214.762214 1.130782 -1.085342
-434.312328 -84.049558 -2.189293 -0.425899
104.151379 -144.684177 0.524208 -0.734564
15.206585 170.157334 0.078454 0.865080
-44.228711 -52.364082 -0.216732 -0.266649
177.730910 -284.495524 0.900542 -1.436477
174.877640 395.427668 0.879318 1.993428
325.511841 41.210994 1.641236 0.206379
46.782512 158.830377 0.238634 0.800385
-40.796551 187.181734 -0.210223 0.948130
213.595343 -226.207468 1.081065 -1.136681
-75.169749 -106.916527 -0.383711 -0.537845
150.070705 -130.943802 0.756366 -0.664634
140.171174 -93.290468 0.711273 -0.460078
206.657703 247.857868 1.044191 1.253625
267.084643 -208.224871 1.345509 -1.056506
-93.834093 42.860734 -0.468308 0.221053
178.477203 -256.116214 0.908402 -1.296221
151.818205 281.609332 0.767349 1.427480
-222.823361 253.133213 -1.128923 1.276703
-427.675459 240.852755 -2.157666 1.212748
73.530763 197.605056 0.374953 0.994433
207.773244 -554.512089 1.048096 -2.803505
-309.690713 -132.520373 -1.561372 -0.676476
-223.519226 -29.771341 -1.122964 -0.149232
74.950115 -121.032043 0.385787 -0.608214
92.136275 149.137174 0.463888 0.758753
99.410115 -71.740096 0.499420 -0.365068
-33.326822 17.760700 -0.180803 0.094681
-75.502221 -32.996237 -0.380733 -0.176149
378.943236 -211.024835 1.915857 -1.064049
292.410262 123.388120 1.478925 0.620193
298.911964 -136.508044 1.507372 -0.694440
-18.924244 -7.865402 -0.092634 -0.030378
245.131161 -46.194153 1.243793 -0.243243
-46.858311 158.968513 -0.222964 0.794981
220.585122 81.885225 1.125109 0.409619
142.455431 20.737945 0.716037 0.101618
-119.129327 359.451877 -0.607996 1.814601
-102.900657 317.405170 -0.518781 1.606364
-207.036347 -305.235309 -1.034966 -1.533955
-303.567730 17.395157 -1.535443 0.088227
-56.934535 258.760178 -0.292506 1.309694
45.028619 -20.701209 0.226126 -0.107386
149.657580 -87.793573 0.752380 -0.443410
-3.460823 29.309529 -0.013183 0.144126
333.787192 180.960673 1.688006 0.916728
150.192472 95.120480 0.755573 0.481612
187.394715 274.222255 0.950115 1.387760
-130.946963 284.706839 -0.656742 1.438240
15.195411 264.704404 0.075762 1.330985
-82.677110 118.990260 -0.417123 0.597112
101.632910 -58.549702 0.512409 -0.296327
-295.183230 30.204996 -1.494800 0.152748
60.744506 11.346391 0.300003 0.059084
-61.854164 -179.636636 -0.318170 -0.905670
-232.984998 -8.299345 -1.174994 -0.041220
46.148365 45.744151 0.230219 0.232270
-117.770425 -0.656378 -0.586450 -0.008863
-80.138718 76.999662 -0.402447 0.386066
-120.410486 278.782821 -0.615278 1.411783
254.674834 335.118369 1.288484 1.702379
-38.939841 -138.469331 -0.197406 -0.703107
265.148091 -90.336281 1.345759 -0.462415
-102.430900 239.162665 -0.518023 1.206279
-181.105296 -64.451328 -0.909440 -0.327206
33.729586 -184.287273 0.175977 -0.933938
-224.842783 60.066533 -1.147030 0.308365
-41.667129 171.053094 -0.214514 0.854428
237.944716 104.179006 1.196785 0.526897
-203.900222 0.943676 -1.037860 -0.000212
86.408964 -202.080790 0.435099 -1.024864
-149.914309 -98.089592 -0.769833 -0.485058
-151.663513 63.337690 -0.761199 0.310114
-415.252325 -148.538414 -2.098649 -0.753240
-10.457732 36.780011 -0.048317 0.179225
-221.533128 7.931997 -1.115149 0.045658
11.309570 -198.088432 0.045607 -1.010511
-236.661320 256.603884 -1.196841 1.297851
-282.156365 189.744224 -1.429917 0.958900
-2.547158 321.868710 -0.017211 1.618899
-18.486672 254.498029 -0.098521 1.283760
-61.326663 -69.789807 -0.312244 -0.355780
54.416381 -14.139155 0.275109 -0.072495
-188.522788 -289.832158 -0.945743 -1.448042
202.556705 1.796391 1.015140 0.001275
191.148959 -181.434634 0.962814 -0.910483
-186.346298 -10.675364 -0.947339 -0.060554
-168.833517 99.822964 -0.849850 0.500250
-120.336594 -125.593315 -0.601329 -0.634754
-175.336571 -89.716018 -0.893175 -0.454194
29.285325 -219.932503 0.149360 -1.118607
-204.120614 -32.898537 -1.031270 -0.164620
-44.832659 -138.144494 -0.226594 -0.695589
