1099 1406 727 0.87
323.223234 -359.625432 1.210850 -1.335800
-467.810246 78.197290 -1.747096 0.293016
480.637875 71.024370 1.798964 0.266274
-310.048230 -319.615134 -1.154405 -1.193833
323.998134 -113.425362 1.210469 -0.427529
-429.401072 269.374090 -1.602361 1.005204
216.695371 55.818851 0.809036 0.212908
125.688405 -62.402838 0.469956 -0.232753
186.735033 167.150293 0.697556 0.630916
-131.506397 377.318277 -0.491570 1.409250
-85.091525 172.327995 -0.318052 0.638976
-475.034196 -190.320753 -1.772923 -0.713315
5.005999 -403.521315 0.016405 -1.502375
64.386634 -66.127312 0.243758 -0.250613
53.451753 191.597935 0.198882 0.710938
-194.119724 -160.304556 -0.722194 -0.592925
-55.372393 487.997000 -0.200802 1.820064
66.523053 -262.273597 0.244921 -0.978366
-339.020639 72.879452 -1.264077 0.275535
-8.236762 188.552938 -0.038734 0.698740
445.797500 483.575538 1.661894 1.804811
-81.727093 -93.878084 -0.299726 -0.356235
215.196598 312.259796 0.801343 1.167220
148.278168 159.319870 0.552758 0.591115
101.623203 190.168642 0.377143 0.710957
162.270798 -83.227975 0.607068 -0.315544
-580.252730 23.012257 -2.167121 0.091082
57.743740 -88.990871 0.213323 -0.339520
115.198913 175.306766 0.439417 0.650297
344.259391 542.800087 1.283433 2.023001
335.522347 -296.339301 1.256130 -1.110686
-115.856229 -38.083171 -0.429213 -0.152942
-95.020931 -160.266842 -0.350040 -0.599462
33.023884 124.651191 0.121179 0.461794
20.516292 -31.014653 0.066116 -0.109630
-360.229120 323.506127 -1.344116 1.213089
-389.178060 -288.669955 -1.457670 -1.077191
-146.205942 -94.103188 -0.538008 -0.353365
-48.655270 -182.080430 -0.183825 -0.676745
42.041797 -22.945921 0.152577 -0.081558
-463.128717 333.075916 -1.725641 1.236145
-103.851552 -255.664005 -0.384270 -0.946107
62.944618 -128.418188 0.240500 -0.481212
-459.630622 6.997660 -1.716953 0.025798
259.742747 -468.585861 0.982590 -1.746269
74.018185 -241.533580 0.274709 -0.905662
433.770113 81.616182 1.609649 0.306429
-230.658943 208.397234 -0.863887 0.781383
-46.905555 -519.791784 -0.173816 -1.938644
222.154733 706.836956 0.827590 2.639024
-172.896297 212.316425 -0.645777 0.795180
254.269934 -415.569857 0.952791 -1.548064
28.689009 171.437710 0.110033 0.639365
140.093712 36.441843 0.521941 0.126265
416.215587 147.468967 1.550978 0.553607
234.206151 -405.127012 0.872781 -1.511016
-397.462521 23.184845 -1.480428 0.084672
-138.878973 318.948210 -0.522884 1.189583
-135.240427 -191.523190 -0.504655 -0.715513
-109.239815 400.079958 -0.413291 1.492980
243.360209 -78.198261 0.909289 -0.290100
23.236109 -228.046976 0.087640 -0.853425
-116.294565 -271.327509 -0.434651 -1.004604
-77.162218 -399.868978 -0.289352 -1.494817
-330.244783 -15.827966 -1.240858 -0.063635
235.176931 117.594869 0.874905 0.436169
37.556707 130.826075 0.141921 0.487484
-23.227824 219.978785 -0.083599 0.824581
402.611198 -282.716427 1.502059 -1.057438
-171.152936 -350.819455 -0.631868 -1.314226
48.981382 235.933986 0.182173 0.885540
321.904947 68.321065 1.200914 0.258662
149.468666 74.543220 0.559116 0.276717
217.646192 471.389860 0.817143 1.757199
-188.491406 263.387736 -0.710323 0.987875
130.757018 218.332890 0.485286 0.812690
-483.861866 61.483787 -1.801854 0.226515
-310.059632 222.884300 -1.152533 0.827583
-69.858029 117.071326 -0.261514 0.434445
-50.589282 409.774815 -0.189106 1.527294
-665.094310 -42.892176 -2.484903 -0.164666
12.084372 129.494746 0.048925 0.488156
-16.243065 -41.495364 -0.056451 -0.153653
331.497268 148.008469 1.238642 0.550939
-48.703155 438.371405 -0.180027 1.639443
-190.987058 562.008168 -0.713468 2.096926
362.072794 311.302672 1.348689 1.160521
-175.081004 -30.242060 -0.650662 -0.110865
85.816625 86.373758 0.328193 0.320423
370.648160 -177.702173 1.381206 -0.664944
146.675432 319.064161 0.552488 1.197491
73.199940 -201.184277 0.274322 -0.753606
248.810678 5.479052 0.928895 0.021258
-667.272146 115.288930 -2.482433 0.423490
-4.976526 174.767631 -0.022442 0.650732
235.860583 26.359857 0.879137 0.103781
-48.832915 -327.127036 -0.180275 -1.213614
318.568410 91.936603 1.185878 0.348510
-187.900942 -363.722584 -0.696857 -1.356722
-129.527228 -54.453956 -0.478553 -0.201625
198.773823 188.230965 0.742273 0.696860
-473.907575 -175.347118 -1.775560 -0.661805
-79.741008 -235.271604 -0.297550 -0.875965
208.944238 -398.225521 0.775905 -1.482757
348.886269 197.260119 1.298494 0.736652
-75.210698 101.891168 -0.283861 0.384051
127.521164 -359.059728 0.476528 -1.339251
-366.578273 218.003254 -1.364488 0.814969
-307.371139 91.555004 -1.146001 0.347194
136.423883 264.714018 0.505281 0.992575
24.676976 -234.219811 0.097069 -0.873117
-39.581635 -55.346030 -0.151055 -0.209274
82.889663 156.596341 0.308327 0.583432
237.877460 -28.801214 0.888167 -0.103595
20.064752 362.628571 0.067940 1.344259
21.524914 335.831118 0.075794 1.255702
-90.294846 -177.605626 -0.332440 -0.663756
387.682679 321.086303 1.444901 1.191796
237.445056 346.623294 0.882768 1.291808
-284.438707 -153.012541 -1.064781 -0.571029
-115.773343 -9.678957 -0.430064 -0.040471
-351.937849 -73.902922 -1.312023 -0.276341
-70.745923 -711.863581 -0.258504 -2.657434
259.127274 -241.033117 0.974022 -0.898749
-374.391106 87.357948 -1.395052 0.326024
-210.567615 -128.918763 -0.787474 -0.480295
130.045290 237.631354 0.486532 0.887624
-70.644209 -249.823076 -0.260687 -0.927740
-131.267377 -151.887280 -0.484568 -0.568699
-13.609231 64.254967 -0.044882 0.243090
-56.153751 -140.179402 -0.214811 -0.524375
247.208067 405.146695 0.923336 1.512815
-334.775798 -143.790783 -1.242755 -0.536909
-355.742455 227.529621 -1.325951 0.849221
-18.878485 405.471997 -0.069186 1.519093
299.750385 117.716951 1.118367 0.440244
360.972872 -157.198174 1.344273 -0.589497
170.736540 223.735119 0.639458 0.825513
-38.627805 -458.272737 -0.139245 -1.710966
378.251874 256.467898 1.407837 0.953791
-324.363743 -163.535376 -1.211494 -0.616164
-199.398019 573.545246 -0.747290 2.138445
6.875982 -170.576052 0.020107 -0.636991
-95.174400 406.972517 -0.356439 1.522032
397.793078 -6.880844 1.483720 -0.024500
-80.511042 -96.199461 -0.298105 -0.357668
-183.145067 298.194856 -0.678252 1.109101
411.225164 100.103681 1.535446 0.381730
225.932749 267.129829 0.844655 1.009316
40.946126 248.103091 0.146587 0.926975
-484.404999 166.313726 -1.804946 0.620920
-117.100926 -33.032269 -0.436660 -0.121242
86.508389 164.047978 0.330140 0.618211
318.919571 -106.328018 1.190238 -0.391320
-194.742468 2.787644 -0.730164 0.008615
268.982356 43.051773 1.007946 0.161077
41.133889 266.371391 0.151673 0.993473
309.516351 23.176254 1.152992 0.086115
81.255929 105.184448 0.307847 0.389246
677.331083 132.277320 2.529216 0.494641
326.414937 48.451111 1.213814 0.178434
-394.610993 -246.178223 -1.465432 -0.920118
200.320851 30.221916 0.752113 0.109467
-143.754665 -297.411114 -0.532178 -1.103269
-140.506323 -313.431914 -0.529893 -1.165934
-44.413192 579.561434 -0.176388 2.165951
323.570263 145.293302 1.201569 0.538700
-381.510985 -8.052880 -1.431118 -0.025223
212.781809 562.370931 0.797841 2.097130
-107.504749 -175.531267 -0.398237 -0.655181
-23.639198 129.927790 -0.092268 0.484147
190.725028 256.573790 0.707492 0.957897
-390.441763 59.219999 -1.459646 0.218580
-221.731449 -153.608413 -0.824081 -0.575421
515.731779 -44.984407 1.914924 -0.167220
45.812875 -26.689911 0.169724 -0.107306
-300.217585 -102.905618 -1.120771 -0.380242
230.169523 270.900785 0.865964 1.014225
-200.647799 -363.572338 -0.754442 -1.349511
122.008910 533.397965 0.451918 1.990259
-122.477495 -86.604159 -0.456301 -0.325936
-6.340630 185.786760 -0.022678 0.690661
359.792350 -8.177529 1.346328 -0.029484
258.099276 90.175069 0.966155 0.337961
-213.607461 -448.350200 -0.799539 -1.672299
275.130404 50.903668 1.030990 0.189056
458.502437 -284.387979 1.712584 -1.060725
208.686040 -34.596237 0.781750 -0.124079
-76.788441 -144.445218 -0.286285 -0.534084
11.742636 446.583117 0.047264 1.656390
107.338367 -75.106181 0.404590 -0.282626
78.717301 572.996934 0.298200 2.141544
-239.147383 -393.194670 -0.890447 -1.462475
35.645244 -260.401252 0.136185 -0.973198
-180.258820 145.326245 -0.666821 0.546917
323.610846 -61.081894 1.200619 -0.224275
244.030923 89.005360 0.908985 0.328791
-254.379580 -312.576356 -0.947745 -1.164984
-204.538019 -300.574936 -0.764607 -1.120758
-153.120248 506.097668 -0.573368 1.888997
-459.286268 -90.141534 -1.707839 -0.335293
-63.297975 -157.446188 -0.238273 -0.586497
-232.608087 31.134471 -0.865966 0.118081
122.807636 149.611821 0.467416 0.553608
-264.376650 -401.369443 -0.981193 -1.493240
-14.623925 234.351190 -0.056438 0.871492
175.053367 -87.393982 0.657967 -0.320877
378.894628 270.769421 1.412187 1.009516
-221.625883 -26.271567 -0.828995 -0.095657
58.287779 228.996208 0.217973 0.856545
367.695523 -357.518685 1.368610 -1.330246
253.467783 47.881737 0.943424 0.183125
-93.741910 -80.117769 -0.346035 -0.300104
-268.729941 -222.316005 -1.002015 -0.824359
296.285435 305.500798 1.115914 1.137214
154.426900 -140.224065 0.571784 -0.527845
53.340210 536.360079 0.191919 1.998923
-137.133660 171.773607 -0.517318 0.641030
-163.526842 -372.356107 -0.616719 -1.389946
330.637893 -79.876927 1.232466 -0.295267
-113.183236 -786.376714 -0.417419 -2.936827
61.717501 -262.036377 0.230314 -0.982871
-47.516423 587.430123 -0.181161 2.191054
3.332279 79.647907 0.008512 0.304778
49.300004 -318.134314 0.177546 -1.184875
-11.198050 389.309424 -0.047361 1.447165
68.597455 -72.260088 0.256016 -0.272979
469.429199 11.372283 1.754097 0.040481
152.734359 184.668606 0.565782 0.687988
-216.089321 169.663764 -0.805902 0.638571
66.668967 -537.170600 0.249008 -2.008510
226.765203 45.202469 0.844858 0.170849
272.748899 -586.226113 1.023882 -2.188107
-481.787819 -189.547963 -1.802274 -0.713453
-140.711842 161.223517 -0.528916 0.600422
-165.471471 -158.164126 -0.617765 -0.595452
-166.008183 -40.015139 -0.613400 -0.152454
-454.864306 219.885007 -1.695584 0.818570
-678.056729 720.510830 -2.526596 2.686276
305.057386 -349.321705 1.134008 -1.309075
-258.767914 -82.790279 -0.969781 -0.303958
-201.989395 -160.738632 -0.753839 -0.595081
498.231682 -184.632454 1.860197 -0.694552
-140.268394 549.067374 -0.519774 2.056063
442.898636 283.300028 1.655498 1.053673
350.458212 -229.842507 1.310308 -0.852481
646.071599 -18.678460 2.404021 -0.075264
289.033716 -0.714878 1.074719 -0.000016
14.424143 -9.246168 0.052574 -0.039612
-463.864672 -51.847662 -1.734564 -0.201474
81.991360 -64.292947 0.311379 -0.239386
182.069025 -118.346628 0.674904 -0.437340
84.719894 232.740040 0.322357 0.866240
158.582558 138.123498 0.590431 0.513169
32.172289 96.520022 0.124836 0.361001
193.856469 297.180110 0.719387 1.112856
-589.808323 311.052695 -2.197121 1.160471
-149.691376 -258.929592 -0.564050 -0.964906
-333.623972 435.687530 -1.245945 1.630213
-152.349929 217.044808 -0.569465 0.804685
-71.039063 -86.932000 -0.262451 -0.317808
-98.506683 -670.302006 -0.362837 -2.500044
12.059494 -47.093777 0.043041 -0.175979
228.983255 -40.873152 0.853277 -0.152663
-240.159354 -167.950615 -0.898713 -0.618545
206.202308 39.453439 0.768706 0.150712
67.217118 -57.399091 0.249785 -0.209784
340.022598 1.909042 1.277258 0.005986
13.055185 -63.733454 0.042841 -0.244726
272.551287 19.679451 1.015035 0.076628
-157.728975 -39.220305 -0.585954 -0.152464
134.318333 467.849602 0.501006 1.748331
210.924834 -279.482208 0.785755 -1.039119
-364.990379 101.847120 -1.364841 0.382835
-267.291712 7.751011 -0.998359 0.028898
-8.716549 429.590124 -0.034829 1.603308
-193.395638 -370.624584 -0.717502 -1.375086
152.912677 -83.999087 0.569853 -0.316823
238.792270 -182.531805 0.894181 -0.678237
250.958047 269.699249 0.937198 1.012088
-23.875500 283.038434 -0.089716 1.054066
214.627792 436.055978 0.801763 1.628823
-103.581270 -660.999435 -0.384695 -2.452317
-454.375849 -144.713465 -1.695379 -0.539228
-139.694018 -40.421765 -0.520544 -0.154838
38.475655 224.615680 0.146501 0.836639
-176.225907 248.915898 -0.658263 0.928828
238.327285 71.596125 0.889028 0.269425
190.955920 376.170807 0.708312 1.395807
-77.619789 -293.302954 -0.288954 -1.099758
-84.557480 320.984227 -0.306988 1.197878
-376.740729 -164.190670 -1.407237 -0.613599
-566.839276 139.659357 -2.116715 0.526729
203.852791 -522.620505 0.761830 -1.953124
-313.033677 21.641642 -1.174353 0.076244
4.989659 -448.841009 0.018722 -1.676013
326.349203 -168.681852 1.224224 -0.630277
-28.408581 -9.907230 -0.106569 -0.042924
-113.643073 -86.203629 -0.430416 -0.328676
391.461430 -290.065959 1.463206 -1.074808
5.675666 -136.931234 0.029925 -0.507106
-83.470628 510.797557 -0.316542 1.911508
6.084081 104.264154 0.019496 0.384929
20.914045 -115.635591 0.077554 -0.435002
-214.415293 50.583552 -0.798477 0.188810
588.823585 -31.790608 2.189029 -0.120216
19.545588 694.156363 0.080366 2.590438
-277.959281 150.277158 -1.034698 0.562167
508.052699 -105.789631 1.897813 -0.387516
173.718109 -589.821971 0.646729 -2.205430
-306.489838 361.473070 -1.149125 1.343950
-57.346149 214.131922 -0.216764 0.800543
-382.507347 132.952476 -1.430476 0.489151
-458.033901 174.057367 -1.712628 0.648385
384.449464 288.000596 1.433800 1.080220
-47.169015 -292.194593 -0.176786 -1.090185
-129.791491 276.716743 -0.485477 1.040113
-130.206455 -153.057176 -0.480843 -0.576116
-71.114646 -172.913073 -0.265455 -0.645745
-195.859164 -75.376508 -0.732254 -0.276454
-270.778953 -241.226432 -1.004899 -0.897120
356.274753 -128.456442 1.328908 -0.481864
-54.676415 -115.111525 -0.199371 -0.432841
-264.690744 89.351541 -0.988640 0.336047
-15.804282 260.916515 -0.060441 0.962361
-48.980884 13.685203 -0.185230 0.044719
373.863147 -363.349476 1.395252 -1.358553
-21.069907 331.212306 -0.082900 1.235284
435.061271 158.442322 1.625294 0.587254
406.554791 1.048545 1.512725 0.002523
147.821178 -410.858991 0.546761 -1.528779
-298.061398 -92.376254 -1.107920 -0.346525
-120.327891 2.622878 -0.444788 0.013228
203.183871 -142.520990 0.750740 -0.539186
641.842892 129.039864 2.392603 0.477102
-28.237670 435.457421 -0.101859 1.622044
240.672613 -19.493261 0.897011 -0.074225
-33.642095 78.422490 -0.132036 0.285823
-68.394352 -4.520435 -0.254142 -0.023050
289.817464 259.872637 1.079976 0.976594
-331.494039 292.559459 -1.240278 1.090788
-291.104391 -209.115793 -1.083087 -0.789182
-130.700602 -157.489303 -0.494394 -0.591993
62.008050 -56.601796 0.230847 -0.212569
245.152469 -57.797638 0.916309 -0.217641
112.183437 -390.456201 0.411523 -1.455325
385.554734 -126.890552 1.435962 -0.475988
57.800611 604.300118 0.213765 2.254904
12.685984 85.726894 0.047803 0.323009
142.555411 -288.340141 0.533155 -1.074534
-103.625185 -123.706518 -0.387863 -0.467768
-39.080419 5.307321 -0.146820 0.024616
-51.292664 -126.876204 -0.192722 -0.469215
-58.220986 -1.436882 -0.214975 -0.009154
67.669188 -366.229076 0.251409 -1.363338
-228.516055 117.251488 -0.845446 0.436322
-274.592991 236.944960 -1.021891 0.883048
105.824820 -98.479731 0.399454 -0.362500
-1.750648 109.083724 -0.010628 0.406013
-364.035295 186.025243 -1.352545 0.695623
-31.715990 -3.297033 -0.124644 -0.009885
-262.052699 -679.795205 -0.972740 -2.536209
-653.673457 -317.984246 -2.434442 -1.187956
-30.602175 1.371201 -0.115787 0.008322
339.632481 -56.944708 1.264804 -0.216335
106.006222 111.166764 0.388996 0.414562
14.924992 -119.657493 0.055185 -0.439943
61.787609 147.970621 0.227090 0.551698
-432.390395 288.996030 -1.612396 1.082108
-353.665049 -284.836030 -1.323602 -1.059337
-270.136862 -132.407062 -1.006621 -0.487862
309.057187 132.079325 1.152249 0.495099
-194.951370 87.012451 -0.729952 0.328590
204.971463 279.784061 0.761051 1.035524
-473.689869 137.196351 -1.765864 0.512942
196.323408 -67.632157 0.732219 -0.252403
216.625878 -96.817469 0.814990 -0.365105
-110.245737 605.346694 -0.409145 2.263338
-91.124062 99.930771 -0.334825 0.371743
123.598749 62.429358 0.466870 0.237896
-98.761813 -317.883799 -0.366509 -1.182900
36.834216 -249.895402 0.134958 -0.930774
317.691628 451.392130 1.185694 1.688027
-83.857339 -369.376506 -0.310356 -1.381222
228.314318 -356.106559 0.846152 -1.332359
115.584896 -87.388266 0.424769 -0.322647
-343.096617 -142.147463 -1.276556 -0.535684
2.424410 12.703699 0.007165 0.047367
125.982363 465.806675 0.464738 1.744025
111.064038 150.210193 0.411894 0.559723
-487.367899 415.741902 -1.817665 1.545142
82.547549 -291.664992 0.310898 -1.087077
428.582978 -110.162394 1.601823 -0.414938
585.489056 -551.714495 2.186101 -2.057013
473.563356 -331.243685 1.760329 -1.232019
-73.932052 -133.550475 -0.277387 -0.498018
1.604645 405.915908 0.009037 1.509589
-310.028913 -101.426705 -1.162482 -0.379222
-338.924834 74.601849 -1.264718 0.280885
324.905927 -311.638568 1.207679 -1.157751
-39.725207 120.463415 -0.149210 0.455090
482.270322 27.039929 1.797022 0.096123
337.398303 173.538992 1.262255 0.642985
345.100619 36.985394 1.290301 0.140705
-267.722405 12.165916 -0.998219 0.044636
69.771391 -0.847021 0.262272 -0.004965
-580.826680 20.163204 -2.161087 0.074566
-487.994791 -198.600653 -1.814881 -0.745516
200.967895 -24.945799 0.748458 -0.090418
393.497749 -224.656437 1.472832 -0.839747
152.690541 -146.370066 0.573008 -0.544437
181.872829 342.643479 0.689394 1.276628
-403.144821 2.547140 -1.505827 0.010495
-69.645833 -72.397693 -0.259993 -0.273448
137.047620 10.477879 0.511390 0.039757
-221.268113 -6.262369 -0.827742 -0.020856
157.598534 387.788620 0.583708 1.447342
196.463452 18.248468 0.727900 0.070653
-39.647102 -173.205096 -0.145670 -0.651195
-256.427811 -193.389545 -0.957688 -0.726844
126.262350 56.269507 0.465983 0.210402
-297.447758 80.585241 -1.105216 0.304760
164.770807 -113.045379 0.617787 -0.422683
-220.957922 -293.811725 -0.825718 -1.097928
137.885793 233.410557 0.516057 0.871516
125.431861 -185.230739 0.470445 -0.694474
155.501190 191.276249 0.579779 0.714342
101.275852 -29.894186 0.376140 -0.116790
102.610129 221.011782 0.377888 0.824465
54.591697 107.842731 0.199997 0.400935
315.448527 -58.351780 1.174852 -0.223362
347.251050 100.026943 1.296040 0.374086
501.111627 99.456793 1.873484 0.373495
208.136812 7.295959 0.779971 0.024228
196.238159 -274.888427 0.734578 -1.020098
-80.915564 237.083421 -0.299799 0.877537
-242.720460 -64.806342 -0.911660 -0.240751
-212.699386 111.642438 -0.792290 0.413320
633.600446 538.728983 2.359615 2.006286
-215.731911 287.050206 -0.803923 1.071128
373.497875 -207.299415 1.390565 -0.779399
-550.092738 -314.558170 -2.049394 -1.172769
183.425214 36.991492 0.688943 0.136056
437.782652 122.338778 1.631398 0.456287
257.684077 -220.766262 0.960525 -0.825337
39.354680 -79.844536 0.140939 -0.297512
-321.992322 62.321719 -1.193274 0.235504
-72.173148 298.714241 -0.271322 1.109377
237.568608 -149.191238 0.890365 -0.554268
-20.808137 -319.919915 -0.069539 -1.198827
361.633728 45.187041 1.348356 0.164822
262.033358 69.028370 0.976051 0.257209
170.597431 350.727961 0.642253 1.310850
697.425609 -198.504869 2.603655 -0.738619
74.116356 120.386984 0.275741 0.447968
197.943827 323.417169 0.740126 1.196678
128.994226 -19.034896 0.483612 -0.064574
19.339504 13.974781 0.075536 0.051058
-340.211979 28.106758 -1.275973 0.101301
-333.790266 -78.005728 -1.241751 -0.292335
32.784302 254.344279 0.128069 0.941000
-113.657520 109.241205 -0.425815 0.402172
161.330581 139.636349 0.606301 0.520626
-443.103523 270.539494 -1.654952 1.012781
-269.849653 437.712345 -1.005430 1.633069
549.691476 121.215786 2.050929 0.451603
157.270455 51.645943 0.595423 0.193895
-335.837248 66.775860 -1.252289 0.246644
-362.740650 -340.838873 -1.352219 -1.277723
-51.428413 362.418996 -0.194549 1.354876
-116.365595 114.826840 -0.430256 0.426745
-269.676304 -279.026308 -1.012660 -1.043416
-130.277918 70.308748 -0.484010 0.258561
5.532259 110.612087 0.016934 0.405873
66.928562 -73.386804 0.247442 -0.273613
-461.043450 267.072456 -1.724901 0.999268
-39.125824 574.369169 -0.143550 2.141345
199.793032 96.424594 0.749396 0.356186
422.495744 650.013117 1.579133 2.424174
-55.903398 50.034495 -0.207983 0.181789
-101.065112 -260.817136 -0.382492 -0.972104
304.626374 443.118411 1.136326 1.647439
-391.626867 200.177079 -1.462109 0.745430
298.722200 377.061529 1.117921 1.408159
-86.363450 21.387806 -0.321303 0.086021
-61.397284 -235.201624 -0.230933 -0.877814
-205.167336 331.237130 -0.766512 1.233634
-99.970417 -336.781484 -0.374523 -1.263255
-80.336200 -545.939223 -0.305819 -2.031655
12.982269 -34.387210 0.045513 -0.129913
113.076249 -230.402246 0.420135 -0.854112
160.374941 -74.915850 0.606507 -0.280960
-31.814855 -38.769588 -0.122109 -0.145775
16.950663 388.778862 0.061244 1.455219
313.200864 40.505607 1.179305 0.147647
129.665174 -130.914161 0.484485 -0.481813
-169.864868 399.166027 -0.639387 1.495545
0.928710 2.804509 0.004973 0.002837
231.253537 38.682389 0.862266 0.138469
-83.364236 -185.967820 -0.307137 -0.691858
460.602069 34.571413 1.720860 0.129366
-115.791994 -169.350870 -0.434096 -0.632713
-14.317662 184.672285 -0.056854 0.686205
75.826028 -270.705026 0.282175 -1.007148
112.509115 23.987613 0.422715 0.096170
-7.603920 149.511289 -0.030900 0.555951
264.679787 2.959015 0.995369 0.006945
-51.311573 269.975027 -0.192227 0.999142
-120.740032 456.328756 -0.450571 1.702419
-22.791566 223.765935 -0.090030 0.835985
149.838666 189.846349 0.556159 0.714922
269.715301 146.209364 1.011874 0.543262
427.568864 199.389335 1.587314 0.747299
221.101449 278.992652 0.828293 1.046392
-31.280196 -171.778675 -0.116587 -0.641093
536.202619 25.570650 2.003293 0.089637
-108.701161 -141.629450 -0.407058 -0.526797
-390.108319 -481.886662 -1.458541 -1.802033
-197.143679 263.393843 -0.742270 0.987065
195.100778 -158.580195 0.728545 -0.592575
-532.485638 -136.477396 -1.984587 -0.510551
416.069413 -293.618918 1.545999 -1.096101
52.657734 -239.923964 0.197825 -0.893307
-254.601985 29.400031 -0.947463 0.110546
376.813038 -279.773140 1.410161 -1.042358
-419.297184 112.553227 -1.568340 0.426403
-147.938605 -154.247773 -0.555886 -0.578237
75.818875 73.845015 0.283470 0.270467
-105.911878 367.635082 -0.390893 1.376510
171.390817 -107.973854 0.636945 -0.396348
-90.451305 86.487824 -0.335724 0.323153
-199.764498 -111.121278 -0.743652 -0.414737
-125.584579 -218.918193 -0.472281 -0.817075
238.118724 18.457718 0.890203 0.065477
548.438279 248.084617 2.041015 0.928202
-610.348608 -154.923025 -2.276697 -0.579983
337.695968 124.722585 1.255174 0.464246
-22.010718 138.520732 -0.083241 0.518060
98.735995 -107.637107 0.374693 -0.403864
-100.023838 131.602185 -0.375082 0.496762
87.105920 288.619786 0.324417 1.080323
497.713985 -229.302023 1.858075 -0.847309
-120.351037 351.116593 -0.446854 1.308743
-21.920989 54.340715 -0.086661 0.203357
-22.205582 -261.144475 -0.078766 -0.972119
-298.852902 -110.702733 -1.113501 -0.411053
-270.677059 -70.439570 -1.003928 -0.261942
-1.364838 133.458468 -0.002127 0.499781
214.618821 390.969650 0.805245 1.454528
-196.416669 -108.276959 -0.732870 -0.413717
-303.788182 2.204061 -1.132157 0.011752
218.861419 259.790343 0.822074 0.968368
128.378131 -519.852125 0.476364 -1.942173
-216.079747 149.531132 -0.805197 0.559005
-139.882891 434.992259 -0.523894 1.625387
1.599833 672.631716 0.006699 2.509396
-417.703114 -162.659477 -1.556716 -0.604428
-108.782304 -170.136472 -0.410248 -0.636095
-26.912103 -68.968418 -0.102124 -0.258694
-467.553619 -124.572499 -1.744197 -0.467771
90.326397 135.912245 0.337604 0.509331
-71.823012 -269.583893 -0.266031 -1.000655
89.014079 388.909198 0.325864 1.449439
-228.682854 30.732308 -0.848940 0.109761
22.665907 335.090662 0.084306 1.246374
-126.932898 230.257299 -0.475023 0.856991
-54.678428 45.641088 -0.204990 0.165397
-15.450720 -185.951713 -0.059393 -0.690114
118.429845 188.490261 0.446569 0.698971
-51.763371 -69.159271 -0.194083 -0.258547
112.942135 -194.886668 0.423372 -0.725468
-59.475976 41.326263 -0.219484 0.156121
86.612994 172.987047 0.327488 0.653833
-503.571571 -424.457449 -1.880538 -1.584279
-467.169652 45.507407 -1.745519 0.163359
-285.400687 -277.789143 -1.063947 -1.035598
-172.750895 402.783667 -0.649730 1.496514
151.221473 96.279749 0.565868 0.351173
249.459305 233.167363 0.921287 0.872817
101.801830 -58.145268 0.385399 -0.219391
-443.886154 -53.331548 -1.654701 -0.194005
-147.545070 107.570324 -0.544512 0.398970
53.738884 -365.841805 0.199944 -1.365818
251.954967 -332.590797 0.935223 -1.245447
-422.318260 -30.794419 -1.572781 -0.112129
-213.154285 483.107530 -0.797467 1.803565
-456.781154 -179.891143 -1.702313 -0.668408
216.808163 -88.529938 0.811525 -0.332115
-292.916862 251.310830 -1.090353 0.946560
436.518665 421.047526 1.627752 1.568295
-60.303883 -24.918185 -0.220858 -0.084447
-386.368665 76.383662 -1.438890 0.281056
298.062057 424.315307 1.109877 1.583288
187.527587 -154.683341 0.709210 -0.580920
109.192207 116.157029 0.412151 0.429666
-44.123902 -536.124329 -0.165040 -2.000054
75.753154 640.742763 0.285846 2.394883
17.258301 -48.236974 0.068937 -0.183294
290.033262 -38.139160 1.079718 -0.143066
-213.661324 216.772040 -0.803724 0.813743
-97.480585 -135.933802 -0.370344 -0.505471
123.123265 447.334413 0.464315 1.668675
-245.671158 385.063102 -0.920206 1.437364
-354.602740 279.915075 -1.320123 1.043120
-395.141342 83.593238 -1.475917 0.308516
246.617586 70.219248 0.927477 0.262657
292.939082 -120.839933 1.096999 -0.451989
249.091362 373.156294 0.925563 1.390516
400.758892 75.318435 1.489390 0.275663
374.873368 -13.477397 1.409467 -0.049952
-461.890681 249.719369 -1.731425 0.934469
276.050849 652.353309 1.029525 2.435493
154.197847 142.933066 0.573063 0.534115
-193.906769 -90.225315 -0.717334 -0.334274
75.141404 259.364432 0.273903 0.962401
-177.425889 -165.492901 -0.656500 -0.620606
-201.505771 53.239735 -0.754081 0.197478
-237.326200 35.998753 -0.886798 0.137605
255.696375 124.841653 0.961029 0.468874
362.461936 257.783889 1.353917 0.957778
236.265513 51.429774 0.888834 0.189319
-68.828227 292.055309 -0.254708 1.089661
-183.473343 -68.318194 -0.687145 -0.260060
-55.280305 215.316779 -0.213411 0.802709
-390.268518 217.826661 -1.457579 0.814870
-335.783634 392.936356 -1.258083 1.468734
93.324698 -327.525252 0.349111 -1.223643
-336.400735 -77.616885 -1.253097 -0.292433
-192.827336 262.728959 -0.723985 0.975765
337.225080 364.882986 1.258348 1.359609
-119.255989 117.443377 -0.439323 0.443803
163.681463 185.347230 0.614929 0.693347
-345.965007 -191.612573 -1.287193 -0.715468
-44.132264 -645.985280 -0.170264 -2.404315
91.173424 56.052553 0.341135 0.206807
-41.988695 242.257252 -0.154953 0.906881
-445.996250 176.114113 -1.672252 0.660387
238.606582 72.956431 0.892486 0.273324
448.139046 -361.052119 1.670488 -1.341643
186.957552 -343.260637 0.699364 -1.276302
-103.231381 -572.249631 -0.384429 -2.136665
188.749710 208.502543 0.708901 0.772882
-603.046151 43.870890 -2.250109 0.160176
-31.533287 -0.788001 -0.122962 0.005833
112.925242 -129.554122 0.420125 -0.486975
-87.981813 501.306278 -0.326767 1.866822
-178.484802 87.068653 -0.668408 0.326673
44.208794 260.634554 0.165078 0.970448
525.956743 -181.194583 1.960889 -0.670779
212.696905 -81.454752 0.788443 -0.305723
39.901504 42.069486 0.150031 0.163994
-521.754649 443.301826 -1.946870 1.652765
234.539396 5.683329 0.879880 0.025273
225.674078 -503.476984 0.839607 -1.876049
-24.322484 -393.014563 -0.090060 -1.463300
-12.997861 -655.766261 -0.051748 -2.442408
-352.151691 9.773223 -1.310561 0.034388
-125.166017 120.523189 -0.467978 0.451704
-251.768290 -235.486882 -0.940805 -0.878127
298.967868 -36.998684 1.110284 -0.138242
25.987400 105.301354 0.096631 0.395612
211.396775 -93.172158 0.794033 -0.350980
52.437293 69.462406 0.196263 0.254466
315.201380 -182.731021 1.176286 -0.679563
153.728752 -113.195695 0.573808 -0.418887
-49.556755 513.370606 -0.180541 1.919369
-278.519642 -397.201948 -1.041007 -1.487538
462.591489 64.833811 1.727573 0.239989
-296.593388 109.463211 -1.103608 0.408515
-555.640973 23.868870 -2.076495 0.086308
456.542249 228.833164 1.706144 0.854199
-314.555750 165.384609 -1.178674 0.624297
197.123333 34.077071 0.740863 0.129225
-216.870881 112.839278 -0.806519 0.423002
-168.907217 -466.397911 -0.625746 -1.736931
30.289691 -346.600147 0.112367 -1.298313
168.606167 62.728386 0.626217 0.232648
-104.707820 -161.166552 -0.393032 -0.602452
72.601092 125.333828 0.266091 0.464157
143.856077 -74.289684 0.534652 -0.275276
-84.224381 -413.565281 -0.312074 -1.547455
-210.492321 228.441295 -0.784576 0.852061
-229.129266 -526.371216 -0.848085 -1.961723
248.849408 -14.524549 0.936141 -0.056425
-48.664565 -151.286497 -0.177888 -0.565598
-223.828731 232.239416 -0.835438 0.867490
-87.614330 -181.905476 -0.324863 -0.682037
-178.344822 -258.229820 -0.666393 -0.965865
-70.348621 -161.641811 -0.258457 -0.601419
-165.293880 424.471444 -0.615127 1.593746
267.876913 193.913149 0.997449 0.723839
-34.446204 -205.791792 -0.131742 -0.769481
-23.335304 -253.214527 -0.081536 -0.937365
54.358982 -459.742399 0.208765 -1.716169
41.765571 333.808574 0.157897 1.247823
35.107607 82.758470 0.140247 0.314996
150.535882 -334.226772 0.553744 -1.248877
92.752357 -176.277907 0.341416 -0.661611
190.778260 28.303614 0.716494 0.112151
-359.767784 88.648404 -1.345055 0.330277
331.399972 345.689687 1.243790 1.293570
-159.383664 54.056680 -0.589451 0.203273
-235.591090 400.640068 -0.876242 1.499471
398.777140 -265.729940 1.488968 -0.988232
66.410250 74.455138 0.252338 0.275615
-212.542074 27.862564 -0.797366 0.093607
-726.410646 211.275043 -2.707609 0.785387
-308.318281 -144.347434 -1.152602 -0.543620
9.685544 -5.200654 0.036788 -0.013724
81.895475 222.891198 0.303153 0.837731
-283.965235 352.816539 -1.059102 1.317874
519.582613 53.361888 1.942809 0.192938
267.423793 6.919883 0.995640 0.028781
165.005043 -114.698531 0.611777 -0.425096
692.288338 -108.654612 2.580800 -0.404611
-414.551121 356.116732 -1.552384 1.325287
355.411321 -178.688936 1.325624 -0.665486
34.493304 166.253462 0.128455 0.619716
-60.396216 15.675668 -0.227808 0.052347
-215.561347 -449.079944 -0.805723 -1.680421
258.257901 135.085589 0.956765 0.499453
197.096677 -215.068405 0.731689 -0.798342
417.597795 -632.500173 1.561630 -2.367072
-175.468541 55.896758 -0.656089 0.199307
-282.538533 13.296593 -1.047178 0.051290
3.158174 -264.925532 0.010643 -0.983464
-86.826232 -171.234079 -0.325900 -0.638783
317.029877 399.171766 1.182572 1.488889
32.083562 479.402255 0.114984 1.792030
505.697160 -234.746075 1.881498 -0.870117
-84.575173 144.725087 -0.316492 0.539065
-83.224977 137.009971 -0.307417 0.512232
-750.875102 175.992737 -2.801664 0.655483
-256.434315 -225.570291 -0.952821 -0.840018
-34.822617 -28.878716 -0.129246 -0.106686
-68.724916 -119.420380 -0.253623 -0.436595
307.568086 -120.435960 1.152173 -0.444140
161.773834 30.491834 0.600515 0.113517
-193.641319 -391.452245 -0.718903 -1.460884
-118.274962 -200.833508 -0.444410 -0.752277
-513.043468 -318.523109 -1.914769 -1.192633
-44.496744 -176.505033 -0.165150 -0.656941
293.244676 139.774596 1.091246 0.520371
87.881969 -337.180675 0.327078 -1.256965
-706.333876 171.629003 -2.630408 0.635892
307.519503 222.074235 1.150485 0.830397
156.850100 361.776744 0.585652 1.345642
-240.072301 466.020799 -0.893008 1.739391
-134.638012 -209.135411 -0.509222 -0.781037
-67.534235 -335.834326 -0.253913 -1.255628
111.656464 253.268650 0.418327 0.943260
399.962338 4.673537 1.493594 0.018187
244.743676 192.211893 0.911582 0.715465
-378.848769 -114.020954 -1.411901 -0.421891
-165.498602 310.663715 -0.618838 1.160915
-402.830923 568.510761 -1.504013 2.119095
48.546635 -400.073877 0.185890 -1.492536
-88.582361 147.045987 -0.324641 0.554766
-164.208099 -172.848075 -0.615034 -0.641519
455.365793 -1142.291210 1.699266 -4.263245
88.460507 -280.156313 0.329898 -1.041025
239.120564 -58.270238 0.893382 -0.218942
197.647657 434.573459 0.731917 1.621880
133.688054 258.717257 0.496446 0.970432
230.206376 67.904815 0.863286 0.255892
95.196318 -376.043168 0.356649 -1.403178
-184.003760 -231.574807 -0.687896 -0.861889
-314.341741 -121.072741 -1.181817 -0.442620
291.071578 488.193391 1.085284 1.815891
78.963550 -150.756232 0.289512 -0.565468
-228.458277 31.736594 -0.854124 0.115093
-377.134471 -405.976056 -1.411072 -1.517160
179.605270 111.782841 0.669348 0.417045
-141.848447 -601.673919 -0.531591 -2.239806
-157.008206 -118.400424 -0.594843 -0.443915
-38.746810 -115.422087 -0.145446 -0.425649
36.604945 -51.297040 0.138043 -0.191983
109.676137 -232.660882 0.407159 -0.870346
31.643196 100.856087 0.118232 0.373814
-678.394874 221.634731 -2.536613 0.826751
206.573978 240.013739 0.776667 0.896677
-13.394513 350.726136 -0.046694 1.307508
-156.314382 29.815532 -0.579866 0.111197
170.468301 65.002518 0.634003 0.244542
117.934902 -228.785817 0.440292 -0.851223
137.831971 -10.267579 0.516548 -0.034811
541.555432 204.837116 2.024206 0.766723
-231.093856 -33.554381 -0.864174 -0.126195
149.978604 93.029146 0.560222 0.350553
-310.325875 86.162406 -1.158607 0.327057
90.935517 265.308488 0.337006 0.984852
-238.639445 -84.984981 -0.884534 -0.313391
-235.799506 169.464306 -0.881965 0.636285
-79.696523 -77.019769 -0.293183 -0.292109
161.579592 -214.309895 0.604747 -0.804044
145.162563 -203.431199 0.543554 -0.766218
-182.575911 234.451068 -0.680702 0.874486
247.014981 -179.218055 0.921244 -0.665232
-141.601791 -650.399555 -0.531144 -2.425259
-55.885808 22.114522 -0.203688 0.070595
68.937282 266.062095 0.258693 0.998918
-475.001520 533.439375 -1.771382 1.996250
-163.464306 -360.756763 -0.607337 -1.347024
-399.726269 491.207124 -1.495215 1.830293
355.111148 160.579294 1.322681 0.605360
-291.635914 -150.385558 -1.090119 -0.559039
122.836360 -306.176473 0.449879 -1.140813
-430.546619 5.133218 -1.602850 0.018882
-99.852352 314.208040 -0.378128 1.169366
539.509452 -153.218277 2.015580 -0.572981
-257.264483 -288.202380 -0.960501 -1.072011
49.702952 -158.354247 0.182425 -0.590332
195.293650 229.455942 0.719791 0.859591
-267.804057 170.683451 -0.997199 0.637341
269.230723 407.357501 1.006041 1.515796
99.758087 315.117946 0.367070 1.181217
155.675665 -151.469398 0.582658 -0.560894
164.075184 245.571677 0.612295 0.915968
-286.118247 137.403994 -1.061837 0.516587
-334.090165 143.413797 -1.249105 0.533699
-254.283538 508.693313 -0.948840 1.902348
-242.597381 372.035816 -0.903484 1.383181
-245.671343 549.281097 -0.920630 2.050667
-39.589682 -284.670672 -0.143753 -1.062726
-21.231803 195.385318 -0.079740 0.731764
-27.447097 -281.432349 -0.105721 -1.047514
-685.756936 49.827951 -2.558936 0.182815
50.784254 81.627876 0.195012 0.309845
-414.200568 -35.805198 -1.550356 -0.133566
9.407160 31.161621 0.035865 0.112364
-105.598257 -154.177733 -0.397077 -0.572130
288.003972 -114.958754 1.072246 -0.427039
-585.681551 139.288036 -2.186141 0.512906
-82.678491 -69.953655 -0.308547 -0.265219
328.450811 -125.284793 1.224324 -0.465552
-157.105465 -1.780251 -0.585363 -0.005927
-683.066023 201.305526 -2.555970 0.748823
298.352727 310.532772 1.109928 1.159978
193.361179 255.176813 0.726952 0.954050
93.828713 181.865780 0.348457 0.679113
411.569156 117.073425 1.532625 0.436256
-121.899503 -23.631573 -0.450691 -0.087239
-81.657295 88.826161 -0.298909 0.329552
293.697887 -325.245540 1.091447 -1.211986
-320.598567 177.430200 -1.195625 0.660089
108.649514 -56.862164 0.404237 -0.214739
223.530933 158.009182 0.832716 0.595942
-287.664030 -550.254036 -1.069805 -2.053279
118.851102 136.565973 0.444682 0.508446
271.810285 45.052871 1.018659 0.171922
216.689547 41.476193 0.804497 0.157719
192.667798 -220.601443 0.722794 -0.824621
244.750207 106.885414 0.914281 0.397835
-109.693756 -31.171512 -0.410837 -0.117019
-633.733112 325.152512 -2.366699 1.209797
-1.733863 -94.090204 -0.013999 -0.351190
109.355050 186.477930 0.407088 0.699346
605.624126 294.128284 2.265228 1.096213
68.345840 -218.362530 0.250941 -0.813236
-189.814960 112.191078 -0.717284 0.413153
202.862694 521.017875 0.757201 1.941649
-194.986602 128.244547 -0.723903 0.479883
186.087950 -261.025196 0.699200 -0.968585
-491.590891 -198.241961 -1.829818 -0.733502
-331.707814 417.798155 -1.235399 1.557974
-152.164457 255.362421 -0.565340 0.956802
144.450571 276.042711 0.537197 1.029110
-104.472998 70.513429 -0.384008 0.267464
231.887636 -168.780378 0.858628 -0.630824
-335.738737 65.665025 -1.256898 0.251657
-495.300121 -68.829752 -1.853855 -0.259006
-1.427347 223.315627 -0.012114 0.829100
54.062712 244.758950 0.209495 0.915209
321.002031 359.648490 1.193321 1.344699
126.997503 136.599352 0.474369 0.506373
167.861685 -220.865031 0.630188 -0.814154
-85.784057 247.461537 -0.318922 0.932831
-258.343187 -307.042617 -0.957222 -1.139182
408.379602 -45.916227 1.522093 -0.170539
-892.692673 488.898702 -3.327438 1.824108
284.631964 167.759104 1.060107 0.630534
142.194902 418.128854 0.532429 1.555609
37.571067 151.493997 0.144586 0.562681
-121.746734 -293.714473 -0.458347 -1.102304
334.366921 -60.163824 1.240184 -0.223688
365.642977 133.506383 1.365019 0.503510
39.248756 -119.536837 0.154210 -0.440775
-240.154427 179.970044 -0.894617 0.670587
343.034325 68.256126 1.273009 0.259036
-259.975028 448.001398 -0.965670 1.668036
155.690965 -33.836444 0.581453 -0.133623
-242.879013 90.342921 -0.906742 0.341622
769.231359 -22.234968 2.869168 -0.080868
-30.663956 386.572072 -0.116713 1.442358
257.136732 173.275907 0.961485 0.652118
96.779352 -488.228881 0.358562 -1.815065
23.272780 179.819357 0.086499 0.671351
96.817772 151.074212 0.365260 0.566769
292.449677 311.243558 1.088210 1.164833
134.112126 -302.596747 0.492954 -1.132294
-10.026584 727.684646 -0.038646 2.715906
332.978660 -214.627407 1.246241 -0.801666
-416.205757 145.666680 -1.553065 0.556151
202.990565 61.127079 0.762900 0.233300
305.921598 21.303417 1.140942 0.081539
64.203514 226.173569 0.242874 0.839345
-1.715962 279.250237 -0.005684 1.038038
-64.291913 251.240040 -0.244295 0.934752
-58.430699 -594.413597 -0.210315 -2.224668
-285.496467 -307.001970 -1.069613 -1.143809
416.968927 3.194843 1.558876 0.009179
500.453585 -2.251373 1.864017 -0.005110
-47.155731 -236.461518 -0.174785 -0.875029
-515.027264 -577.724532 -1.919636 -2.153447
-320.699378 -214.715092 -1.195321 -0.803931
306.874054 138.466080 1.147632 0.517976
-87.799294 -91.628464 -0.331720 -0.345439
246.162301 394.996362 0.918419 1.475913
-41.928012 -42.920725 -0.155982 -0.164712
212.735036 135.537828 0.791583 0.499334
60.374016 -350.494326 0.220609 -1.304961
123.131655 12.264439 0.461168 0.042011
129.176041 -260.903669 0.477059 -0.975687
144.081244 227.465378 0.537877 0.854030
-67.088337 -139.137463 -0.255389 -0.525158
-250.443374 488.047273 -0.935785 1.817502
198.993101 -529.059130 0.736422 -1.969942
651.263561 283.902210 2.430483 1.064492
-463.036866 -65.047431 -1.727959 -0.245616
255.745442 201.246173 0.957158 0.757958
441.390175 60.332621 1.645414 0.223934
4.209447 -111.321995 0.016387 -0.416595
99.398960 200.328319 0.371278 0.752371
445.751227 -409.673932 1.664657 -1.530357
-124.007054 -9.661608 -0.458928 -0.035229
-262.979070 103.630288 -0.974947 0.386955
-360.895912 289.859211 -1.335659 1.082654
19.870562 -45.811390 0.076763 -0.179582
23.716854 162.778929 0.086773 0.607429
23.615742 195.612730 0.080963 0.726514
-238.931987 -33.068601 -0.892989 -0.122496
61.723581 205.057995 0.232979 0.769030
-113.038009 -0.791904 -0.417157 0.001116
-23.554831 302.525342 -0.091050 1.127872
100.825625 367.983846 0.374882 1.379631
106.122321 474.847039 0.391147 1.775743
-146.542273 -122.156478 -0.548329 -0.454565
-34.471831 -93.814301 -0.135216 -0.349450
283.919197 61.812142 1.058008 0.231614
85.916244 57.362748 0.316918 0.216265
226.652074 -291.724857 0.840212 -1.083610
406.663586 -71.912115 1.519750 -0.268396
92.824831 -338.944939 0.338874 -1.270218
332.366256 182.502361 1.238000 0.682842
-333.092770 -263.281939 -1.239914 -0.983578
351.699001 400.977486 1.318172 1.491908
-273.697249 405.210873 -1.014981 1.516133
-313.275965 632.694799 -1.169794 2.364431
177.733550 -371.676673 0.663368 -1.388640
-332.762318 120.943342 -1.243323 0.443957
269.886427 8.198990 1.006116 0.036313
-259.121106 42.266496 -0.968614 0.152531
-95.326141 297.789512 -0.356704 1.107584
-333.272597 198.382846 -1.245872 0.748055
-26.004166 -92.299616 -0.103032 -0.341118
-28.824192 10.434221 -0.116687 0.036872
178.164474 -441.525806 0.659834 -1.649252
158.780040 149.780842 0.592442 0.555267
145.305958 -178.155089 0.540309 -0.664998
343.879885 282.087587 1.278995 1.051817
-144.938750 148.370770 -0.542739 0.557311
-318.628200 -220.828749 -1.186668 -0.821950
-93.758788 -259.025057 -0.343728 -0.966886
152.192183 47.636565 0.568499 0.183101
317.342269 417.781944 1.187860 1.554425
-290.315827 -71.763739 -1.088593 -0.268850
-680.726988 -72.241284 -2.544575 -0.262510
-20.651184 328.605866 -0.070888 1.223598
318.195633 4.085586 1.185769 0.016970
25.704348 -15.379667 0.090005 -0.059351
-160.867397 -66.872496 -0.597052 -0.245379
-345.783202 -215.104879 -1.290977 -0.801726
90.205306 58.817509 0.339649 0.221178
-172.980786 -401.481976 -0.641819 -1.502318
418.098914 119.473019 1.557369 0.446936
40.506941 -73.589564 0.145736 -0.267977
-10.900590 -74.688901 -0.043452 -0.277731
-246.192890 42.476635 -0.914921 0.161003
197.723560 -163.774689 0.732951 -0.610245
-15.744382 173.846955 -0.051553 0.655801
-64.714995 303.830068 -0.245246 1.132031
468.293613 184.657359 1.748510 0.693743
-43.276995 -6.903711 -0.158360 -0.027731
-81.609946 63.497712 -0.306023 0.236603
-93.553906 -377.705607 -0.349053 -1.412931
168.918305 -281.535772 0.631779 -1.054556
17.506634 -309.086626 0.059898 -1.152819
40.191141 174.719492 0.152665 0.654066
138.684815 -308.362604 0.518372 -1.152197
-578.253338 47.454532 -2.152592 0.175832
201.480860 -179.227533 0.751553 -0.668959
656.911692 -120.316639 2.455220 -0.451179
544.783219 -54.159602 2.032730 -0.203953
2.663081 -217.412198 0.009355 -0.813643
52.380076 39.237636 0.194323 0.146928
-282.019201 162.541101 -1.051742 0.605563
84.876956 146.354950 0.316626 0.546393
215.298314 577.794548 0.798321 2.160200
180.163983 -379.174516 0.676337 -1.413140
223.849782 -47.881912 0.836098 -0.179184
496.815142 -122.461989 1.847848 -0.459979
-214.229473 254.809614 -0.797737 0.949106
154.940077 380.933538 0.573099 1.423317
-143.347283 100.215493 -0.536361 0.373866
-63.353683 225.365457 -0.233218 0.838989
-5.940493 -20.980014 -0.022834 -0.074216
429.410222 423.464620 1.598133 1.587662
63.399891 263.285330 0.235804 0.984023
340.260492 90.804440 1.269671 0.338031
-529.198952 117.502987 -1.975156 0.436154
-265.821616 394.391589 -0.992378 1.468898
-285.445740 176.273795 -1.062473 0.654498
120.959101 -595.911653 0.449565 -2.222369
-273.551883 172.977916 -1.018903 0.647295
-141.143513 217.118027 -0.529051 0.810177
-194.060355 -475.157109 -0.729070 -1.775925
-0.555844 -351.139504 -0.002733 -1.315688
413.237967 377.835031 1.539719 1.414077
-190.451014 -713.799846 -0.710655 -2.666422
-3.894922 -300.902084 -0.010751 -1.122609
425.370541 -185.922602 1.585396 -0.689702
50.404340 -196.996941 0.190409 -0.729699
149.241500 -21.762409 0.556769 -0.083420
-63.191130 -13.679923 -0.233247 -0.056210
91.498448 -182.677220 0.342087 -0.684962
466.410756 10.122668 1.741710 0.030393
-44.413456 117.407299 -0.163059 0.440159
-234.938957 145.971361 -0.880934 0.543115
-208.281452 89.497890 -0.778244 0.336434
447.754648 -57.901995 1.669981 -0.214280
-419.014924 220.611736 -1.571166 0.825276
103.709818 177.451828 0.384474 0.658734
-310.023128 -189.121114 -1.153650 -0.704278
465.361719 -134.442884 1.743496 -0.501434
-36.502746 74.654533 -0.134600 0.279328
70.018035 -648.331021 0.261504 -2.416268
-118.822729 400.894664 -0.444256 1.502752
-295.000791 64.598248 -1.100005 0.239283
-133.778889 -207.553437 -0.498124 -0.775949
182.838205 16.620765 0.680381 0.059598
-337.521507 61.927568 -1.260343 0.230695
-183.580115 80.209752 -0.679242 0.298089
101.091999 -67.162328 0.383239 -0.246736
-167.143887 -533.782471 -0.620225 -1.996275
317.076530 -602.732300 1.182076 -2.248903
30.834943 -18.064652 0.116772 -0.065865
471.428162 184.950317 1.758071 0.693559
133.640656 -152.242606 0.499215 -0.575257
239.776529 124.435342 0.893618 0.468154
261.661311 138.147803 0.973858 0.519251
-194.362105 -314.506103 -0.726720 -1.168614
-284.480137 393.498948 -1.054885 1.468131
-360.427574 483.111282 -1.350652 1.799189
-406.017405 130.758769 -1.520084 0.488353
288.372562 -125.738624 1.080469 -0.473756
-519.667838 -46.878185 -1.940469 -0.176244
14.469744 -33.596301 0.049121 -0.119583
-133.087202 -351.235649 -0.498619 -1.318803
-229.269358 79.472706 -0.850418 0.298976
235.485652 -39.679620 0.876735 -0.147655
137.026332 -158.915195 0.508563 -0.589993
11.222480 -367.640197 0.039706 -1.368595
-100.754895 -610.776732 -0.379139 -2.279827
333.063219 153.358664 1.243993 0.569478
-16.010770 4.575078 -0.062906 0.015361
-347.495541 -42.808498 -1.300561 -0.163750
-614.502943 -364.215047 -2.290152 -1.355815
-259.852681 -134.106659 -0.967334 -0.500430
-270.093104 -143.763479 -1.014254 -0.537017
189.584384 16.998396 0.715724 0.063433
23.839253 -212.345124 0.095832 -0.788507
-313.664690 448.608926 -1.174598 1.669383
93.186471 50.757196 0.350037 0.189108
-200.938874 743.979384 -0.752895 2.777787
-15.819070 508.163619 -0.059655 1.892109
28.130701 67.011489 0.103017 0.254923
2.918057 -34.936152 0.011246 -0.125617
-337.529489 127.475220 -1.260891 0.478461
-66.889641 -251.928974 -0.253150 -0.940185
-42.529802 -405.755320 -0.157733 -1.511045
-21.282561 -153.295362 -0.079899 -0.577217
-6.470174 -92.148819 -0.023536 -0.343867
239.722003 -127.099638 0.899036 -0.479184
78.006633 -205.675240 0.281003 -0.765640
175.942123 -280.523503 0.655295 -1.039136
295.721235 -405.298322 1.099974 -1.513400
88.204809 234.335338 0.332033 0.882087
-33.920664 167.797789 -0.123197 0.632677
316.473091 260.350424 1.185530 0.969325
