1064 1204 969 0.68
-245.481960 -402.626953 -0.685680 -1.121678
455.225028 567.596416 1.266532 1.571513
-109.949489 -261.812420 -0.305678 -0.723540
81.425059 730.481462 0.231037 2.037723
164.403422 436.446400 0.452920 1.213350
-579.638985 594.516056 -1.617023 1.658689
-869.665604 514.794222 -2.418044 1.439275
109.847173 -214.838905 0.308719 -0.598455
137.851497 525.164276 0.383476 1.462009
-184.119388 -2.729217 -0.513287 -0.010277
1.924456 16.661787 0.006949 0.052034
294.054833 -330.994547 0.820562 -0.921883
347.713288 54.182995 0.967292 0.150421
407.147050 423.756372 1.132198 1.180053
-423.501515 76.540430 -1.182023 0.212253
0.498356 -57.530855 0.000457 -0.161206
-125.743342 220.583023 -0.354549 0.612775
123.842631 65.478492 0.342304 0.183136
357.937269 -233.871219 0.998376 -0.649858
-567.278404 158.754617 -1.580567 0.441101
480.045975 -175.316943 1.337702 -0.489679
-282.620468 -296.397701 -0.785895 -0.829082
394.254183 100.915317 1.099307 0.283166
-156.009165 -376.317204 -0.429769 -1.045408
285.589203 69.868352 0.798114 0.197088
-356.399718 -615.401916 -0.989153 -1.712106
250.946059 252.688835 0.698410 0.705619
-390.608860 164.227108 -1.086373 0.461331
450.847604 254.674302 1.262234 0.711547
141.465048 -449.519357 0.390971 -1.253776
267.356866 -822.215275 0.742640 -2.293416
-177.695625 -673.081095 -0.494996 -1.871897
-332.605653 205.030069 -0.923592 0.569022
-337.801131 -352.889492 -0.945930 -0.985698
377.008489 -841.947263 1.051637 -2.345268
42.591157 -69.711689 0.117042 -0.193592
-15.959839 237.454761 -0.041041 0.664580
51.279727 373.454026 0.136308 1.040986
460.189401 269.115519 1.277063 0.751390
342.326473 255.013211 0.950904 0.711947
561.141161 -66.301595 1.562210 -0.187622
-245.198495 562.963112 -0.683629 1.568166
585.547440 471.144858 1.627340 1.313059
301.107517 -321.761708 0.834836 -0.896495
274.704419 -361.700511 0.765910 -1.004713
282.665553 -206.722433 0.788761 -0.577997
24.592405 256.130085 0.069437 0.714572
-271.763915 108.534069 -0.752746 0.304731
-123.805505 -522.967068 -0.342889 -1.458100
67.057967 -375.000733 0.189193 -1.050569
137.474901 44.288774 0.387105 0.118089
223.845917 -379.081270 0.624612 -1.058977
-4.078081 622.541954 -0.012827 1.733935
672.266720 743.741509 1.867071 2.071767
213.020494 -194.958004 0.590510 -0.546059
-465.651198 205.691516 -1.295722 0.577277
163.762700 -137.909332 0.453142 -0.387419
875.574757 393.385707 2.432801 1.098436
371.834320 199.244787 1.035079 0.550674
531.194616 368.111687 1.479891 1.018991
-148.493102 510.781230 -0.410998 1.423770
-500.724087 385.690819 -1.394120 1.074569
-586.564381 -356.079946 -1.634984 -0.992079
-0.264471 -71.437093 0.000570 -0.203089
-18.851806 -524.074379 -0.055101 -1.459271
267.960930 -83.585091 0.748938 -0.233890
-201.058234 -67.575092 -0.559247 -0.190107
466.027340 501.789749 1.298767 1.399382
85.699102 -81.384016 0.242366 -0.231473
-454.783810 -366.197470 -1.271979 -1.015182
503.424479 340.388228 1.406104 0.948216
-361.191322 29.271867 -1.002406 0.079888
-161.752310 500.767117 -0.444500 1.396447
220.648696 115.630025 0.618043 0.322577
269.846978 512.577712 0.753733 1.428281
-303.693796 -279.425620 -0.844834 -0.773895
493.069627 -335.640090 1.371816 -0.926929
-244.278929 6.057429 -0.679986 0.014820
-134.924508 96.131123 -0.377811 0.266349
538.110876 291.107036 1.496919 0.806790
-122.612491 396.188234 -0.342568 1.099273
-419.450873 -134.989836 -1.170463 -0.375878
413.502370 -253.934579 1.152541 -0.707279
-101.438369 -349.323664 -0.277964 -0.971418
243.328693 502.027073 0.681099 1.395885
-455.117926 -84.255673 -1.264785 -0.235084
-107.948229 -512.736525 -0.298725 -1.428439
-746.958452 265.236108 -2.082001 0.732483
-700.222901 543.864109 -1.947092 1.517629
-30.815517 52.930273 -0.087076 0.153763
-580.946364 696.403697 -1.615905 1.936698
-70.205526 266.397542 -0.196858 0.743252
-382.080476 -310.262753 -1.067552 -0.864194
4.179380 -22.710446 0.010547 -0.064695
-93.963356 -415.316532 -0.260294 -1.156837
299.595085 581.931048 0.832872 1.623612
400.803699 -334.729742 1.118701 -0.931862
-735.486538 -679.032511 -2.047062 -1.890176
386.310354 -534.003242 1.077384 -1.489362
-9.659686 64.727294 -0.029423 0.178335
-201.956158 184.044785 -0.565519 0.513107
-204.728910 -4.547219 -0.572593 -0.016916
839.736594 615.468023 2.342203 1.711721
-155.038636 -873.066133 -0.429713 -2.434603
536.131210 -162.432363 1.491539 -0.452816
152.579205 -699.266140 0.427346 -1.949236
282.260955 -103.923891 0.782520 -0.288765
-256.925524 -363.153659 -0.714681 -1.015399
693.648583 439.783587 1.932802 1.225421
-9.497713 62.270060 -0.025116 0.174924
232.630651 122.083780 0.650253 0.337343
91.050484 -497.923449 0.259923 -1.391962
-138.601716 292.683465 -0.382660 0.808594
432.644253 -426.742810 1.205996 -1.189056
70.647106 -685.090979 0.202406 -1.907116
6.909061 207.613515 0.020742 0.581275
527.583738 -250.619674 1.463613 -0.699393
263.002845 -295.729660 0.728150 -0.824684
270.865454 346.180485 0.753109 0.970598
-334.165346 167.336248 -0.927651 0.466263
-376.267961 31.698862 -1.050972 0.083148
294.585035 389.844926 0.820484 1.088811
-310.679660 -177.590887 -0.868344 -0.497729
-60.804534 384.699822 -0.168371 1.071974
384.825312 156.734355 1.071674 0.437546
272.282801 84.479890 0.760187 0.237777
416.266141 480.359413 1.158674 1.335909
373.227463 -16.896571 1.039921 -0.047763
220.916736 121.907006 0.611004 0.338567
299.597395 172.641561 0.835249 0.485024
-337.125176 -24.665861 -0.945683 -0.067091
-102.577425 219.805488 -0.280241 0.614823
-113.775461 117.172008 -0.315526 0.319936
-429.632569 187.232246 -1.196109 0.528032
-173.320951 -182.693822 -0.483229 -0.510170
169.408518 -2.156284 0.467783 -0.002408
167.660593 532.996517 0.468516 1.483741
280.340008 -230.347325 0.777083 -0.636123
-22.432198 -89.637655 -0.061097 -0.248934
-401.829420 -139.584120 -1.122323 -0.385452
125.431545 -194.138273 0.348554 -0.543959
-59.869484 116.930910 -0.165083 0.322412
48.807034 118.089286 0.137274 0.326640
150.569060 34.186523 0.420483 0.091443
1050.372536 466.782092 2.928692 1.298513
-484.003795 -313.968587 -1.349847 -0.875417
-210.466939 -351.839572 -0.583860 -0.980213
-211.251315 -120.516228 -0.588421 -0.336739
-413.370614 537.078542 -1.155045 1.499439
-157.563469 64.650762 -0.441277 0.182476
343.994912 413.821297 0.955636 1.156991
-254.972334 16.420420 -0.709490 0.046956
243.610082 186.986149 0.681627 0.525784
-63.613024 -253.340813 -0.179652 -0.706876
-362.680617 100.709372 -1.007364 0.280163
158.907170 193.120954 0.440704 0.533246
-196.702481 121.048829 -0.545892 0.345640
-623.676128 -141.450414 -1.738762 -0.394414
368.452958 -411.007802 1.029811 -1.145004
-75.905857 171.140812 -0.218031 0.478707
279.457389 -185.884740 0.782980 -0.516282
-408.245766 -286.956824 -1.141129 -0.807297
436.808456 141.800983 1.215978 0.395247
491.456126 282.239795 1.369125 0.786260
584.997094 64.613558 1.631313 0.180066
335.531740 77.526093 0.929958 0.214640
-97.847983 562.097235 -0.276303 1.566096
-47.244474 -350.793324 -0.126663 -0.979908
745.262020 596.769119 2.073914 1.660809
31.008164 -588.490653 0.086286 -1.638097
-285.653644 -43.810002 -0.791041 -0.126488
522.445222 -174.230585 1.453494 -0.486860
211.578074 169.943990 0.595992 0.474937
-203.429870 -699.910014 -0.569393 -1.950622
30.531342 50.121581 0.084624 0.134935
-36.132849 -340.626607 -0.104893 -0.953651
543.873054 408.142655 1.514879 1.130918
-171.086722 -213.576394 -0.473108 -0.598199
-221.046584 -492.948899 -0.616566 -1.376068
322.758233 -264.524998 0.903358 -0.734534
78.096212 -73.475488 0.215074 -0.205768
203.464326 491.787942 0.569490 1.366141
-544.113252 -343.513836 -1.514506 -0.960330
-22.829844 441.467152 -0.064455 1.231735
-33.775265 -459.485263 -0.090675 -1.279725
133.651371 342.352566 0.372879 0.958313
-658.843329 86.298541 -1.833742 0.239582
37.964765 380.255551 0.107310 1.061168
261.621945 143.741845 0.729078 0.402917
114.442955 652.285796 0.312441 1.814255
-39.445274 269.328227 -0.109191 0.749210
184.206632 -280.778420 0.513073 -0.785588
-63.670473 -20.854964 -0.178394 -0.052975
-227.696132 -379.051068 -0.632755 -1.049898
245.479816 -474.752372 0.679258 -1.324244
-52.406967 275.245966 -0.146965 0.766292
648.440208 88.265642 1.808112 0.250590
251.341406 705.902915 0.699362 1.966712
-30.778107 502.761700 -0.081869 1.398150
200.512803 -157.257621 0.557112 -0.441149
-430.282948 32.187527 -1.198679 0.089872
167.608632 -45.779037 0.466280 -0.127789
249.712267 -162.970301 0.695226 -0.460952
-255.013276 340.482467 -0.706123 0.946226
332.056619 537.545550 0.921106 1.494463
-481.121720 211.600793 -1.339598 0.589406
-612.012502 -277.225385 -1.705621 -0.773083
-161.540314 532.315998 -0.452120 1.479709
288.045509 34.636867 0.804476 0.097221
-106.569353 231.430263 -0.297654 0.639687
-476.159274 528.412486 -1.330199 1.473302
-39.343411 431.003182 -0.101573 1.204578
769.346858 238.570335 2.146876 0.663616
-76.333341 -213.568638 -0.211361 -0.597081
-463.223821 -186.090143 -1.290745 -0.515688
464.839473 587.748699 1.292659 1.630775
-1.178033 122.623688 -0.000036 0.338941
296.205715 -227.697413 0.827702 -0.643291
167.090945 5.753466 0.461608 0.013539
341.827962 842.386909 0.951312 2.347934
-407.515679 374.768081 -1.132479 1.044183
30.007435 -273.954640 0.083473 -0.761996
-564.489872 555.538877 -1.575928 1.549268
319.355237 -184.903303 0.887969 -0.514968
-386.030723 -402.053952 -1.075625 -1.119904
445.346325 62.732764 1.246325 0.175008
-14.174081 632.578637 -0.039858 1.761478
-393.126018 -728.116694 -1.093587 -2.028910
333.578445 596.748811 0.928662 1.661730
-205.275567 266.116000 -0.571622 0.746764
-46.727585 26.403727 -0.124579 0.073346
-613.026836 195.166951 -1.703978 0.543123
-106.022625 -4.409438 -0.290484 -0.008757
526.904634 141.856255 1.466197 0.395286
863.203798 -12.851049 2.405513 -0.036055
-185.247776 -431.173531 -0.519557 -1.199246
381.718021 -603.156966 1.066171 -1.681128
-283.573011 872.291005 -0.787425 2.432452
485.527640 -347.209805 1.347888 -0.966433
54.933029 -389.819704 0.156257 -1.087282
287.471869 431.688712 0.800656 1.202186
-45.809495 925.590270 -0.127465 2.578460
-149.732254 -600.338087 -0.417393 -1.671173
107.038771 -511.061468 0.290878 -1.420632
-189.966526 658.653580 -0.528069 1.830432
-356.494096 361.889230 -0.995878 1.012538
-133.880741 -420.040688 -0.368613 -1.167593
-22.102284 449.108753 -0.058541 1.254825
387.560763 -52.462432 1.075790 -0.135402
415.006909 550.193739 1.155260 1.530176
65.323110 -457.767068 0.180019 -1.272053
735.537681 -208.614317 2.049507 -0.585165
-30.967914 550.077833 -0.086973 1.530249
-252.256688 163.813037 -0.700921 0.464972
164.511140 -26.371138 0.456812 -0.074440
364.961996 -125.034176 1.017162 -0.346910
12.720759 -190.831803 0.032719 -0.530761
-703.263067 -176.605398 -1.963248 -0.494483
404.087755 -151.675777 1.122170 -0.422914
118.097600 86.204353 0.331973 0.240897
751.082031 -328.163742 2.093294 -0.910747
-61.475385 -301.583862 -0.175967 -0.838907
23.606333 -60.711331 0.067440 -0.163719
-21.477966 363.790194 -0.061362 1.014982
-202.105776 558.342839 -0.561751 1.553362
167.260543 253.007337 0.466141 0.703494
362.202693 36.398033 1.007568 0.097935
143.814537 -61.518546 0.408236 -0.168973
-10.826097 -829.917492 -0.034886 -2.312844
-446.313351 -53.544144 -1.246967 -0.150776
580.830247 -29.995941 1.612159 -0.082446
-568.746143 456.008194 -1.587214 1.269466
-81.358251 446.568912 -0.229229 1.244595
-688.529182 237.759540 -1.917677 0.660617
82.274316 162.934395 0.229070 0.457341
-20.107548 198.317934 -0.060610 0.552828
99.758510 213.340218 0.281933 0.592483
456.796837 162.785518 1.269441 0.459290
-325.390908 987.611844 -0.905974 2.753171
-162.751649 96.940279 -0.450668 0.269710
-402.110450 -611.450809 -1.118770 -1.701939
-321.596578 -270.731105 -0.895483 -0.745287
-108.594510 801.573527 -0.305253 2.235368
-474.681284 -441.282232 -1.323901 -1.229025
-33.166547 -99.084665 -0.099287 -0.273760
-688.061000 -98.933662 -1.914393 -0.271863
-567.947400 208.134418 -1.579061 0.578394
363.983204 240.529711 1.013954 0.669232
-358.877301 -406.082106 -0.996528 -1.133685
34.593126 570.013467 0.096834 1.586961
250.126123 -163.083213 0.696130 -0.456280
180.744495 393.052943 0.506725 1.095049
-353.137711 -71.542594 -0.987571 -0.198647
-155.903088 31.714107 -0.433918 0.089083
-31.221703 312.324616 -0.084910 0.873239
407.919268 498.834361 1.132872 1.387587
28.488620 586.467170 0.076902 1.633068
-434.937954 539.449643 -1.207983 1.500688
709.761227 -173.084709 1.977727 -0.482019
-427.503208 -178.763514 -1.192832 -0.500412
167.380338 257.687862 0.462704 0.719132
-283.927409 52.035161 -0.791668 0.149922
-195.666879 336.478144 -0.544264 0.938298
-60.936784 935.397371 -0.170239 2.602231
-402.900081 717.497780 -1.119807 1.998632
-452.185163 -63.974574 -1.260964 -0.176362
-769.081474 -442.814840 -2.134532 -1.237633
163.385385 -162.552514 0.452112 -0.454857
463.866999 -117.362921 1.292298 -0.329799
862.215351 125.323730 2.403963 0.346556
40.149523 -879.981941 0.110063 -2.448086
143.439130 -620.010568 0.397870 -1.728965
-704.691358 454.396609 -1.963004 1.266103
-270.078744 -257.103850 -0.753701 -0.714538
759.373573 -266.874145 2.116073 -0.745237
181.230223 -194.377642 0.502771 -0.544995
-238.861692 338.119476 -0.665571 0.939167
-484.769412 -489.745574 -1.348050 -1.362750
-467.433160 -526.486053 -1.300561 -1.467643
-187.041049 -433.557290 -0.522764 -1.211222
-432.494049 38.455468 -1.206281 0.109837
-427.329965 -855.575583 -1.190417 -2.386048
22.756594 -791.619125 0.061261 -2.204441
692.170506 339.951790 1.925628 0.943538
272.455901 -62.091601 0.753535 -0.175562
275.655112 -224.745638 0.771517 -0.626548
-810.726448 23.754071 -2.261582 0.068948
16.255456 -87.854801 0.049920 -0.246189
-392.525933 824.273467 -1.091892 2.300861
-510.549207 -105.072562 -1.421142 -0.295451
338.639777 68.598362 0.942427 0.184620
-676.610163 33.710817 -1.888563 0.092800
163.734173 129.799009 0.456207 0.369724
45.148149 -396.117419 0.128443 -1.099844
558.889135 -426.734644 1.552449 -1.192027
-36.456115 -269.308077 -0.100903 -0.747893
84.857153 650.996515 0.239957 1.812968
291.482745 -151.451390 0.809611 -0.423058
154.512782 108.608998 0.431482 0.301464
524.939677 431.449265 1.460930 1.206288
-324.970136 -500.941798 -0.906478 -1.398306
147.638297 -196.676711 0.414751 -0.552669
25.836197 335.662247 0.073082 0.931031
-836.418435 23.153038 -2.330025 0.066481
193.590836 391.201360 0.534098 1.090567
141.354426 323.874425 0.398851 0.899147
104.119874 -461.550303 0.288790 -1.288591
-530.854833 313.709983 -1.478287 0.874824
181.294516 23.779801 0.501839 0.064817
-108.058792 -68.809494 -0.302609 -0.190491
-40.447640 -2.740642 -0.110898 -0.007793
-212.217940 -3.119436 -0.593235 -0.012377
-428.461292 601.278060 -1.192854 1.674744
-53.709152 90.405336 -0.145009 0.254152
725.608926 -672.563005 2.023261 -1.870979
-54.908192 -369.506640 -0.153633 -1.029172
116.566822 -67.059814 0.322680 -0.184766
372.501636 -361.052916 1.033668 -1.006340
45.142893 82.892358 0.128078 0.232342
-221.150441 -482.865266 -0.621528 -1.344574
464.914430 257.851499 1.294253 0.720964
-1050.209643 434.623575 -2.926650 1.207512
-432.111671 142.593030 -1.207487 0.399422
882.703956 300.329572 2.460582 0.834414
115.472763 -230.604790 0.321556 -0.641310
309.241287 2.696561 0.861725 0.007796
48.621391 396.110948 0.130529 1.104789
-443.574081 -578.410409 -1.238996 -1.611006
305.102118 258.953558 0.848209 0.720406
1028.243040 342.111801 2.863570 0.951884
-365.991181 439.918051 -1.018884 1.226489
248.781944 -191.996576 0.694593 -0.539589
-338.970832 260.139512 -0.941876 0.725091
511.939621 110.699338 1.424697 0.311125
-34.511001 168.707396 -0.095287 0.473519
-6.102825 182.235734 -0.017010 0.504702
-89.925631 -230.080102 -0.248450 -0.642041
239.253546 245.192475 0.665160 0.680494
335.194030 -97.106783 0.935738 -0.269738
-262.208898 736.271111 -0.730462 2.046070
-196.913763 -319.182897 -0.552200 -0.888409
-239.501831 59.701564 -0.667255 0.170116
29.482836 415.107625 0.081617 1.156517
136.665027 76.098284 0.381010 0.213357
-165.956204 -238.238989 -0.462655 -0.664009
152.902283 -182.626156 0.423133 -0.508872
123.796713 -247.725379 0.346019 -0.689962
-129.698696 -460.159214 -0.363049 -1.283502
-124.339494 -277.579629 -0.346334 -0.774439
459.349595 -467.086457 1.278588 -1.300727
395.412956 -97.638646 1.099890 -0.273439
122.613488 -346.695126 0.341248 -0.970074
-818.779477 607.189038 -2.283639 1.693819
-126.788508 631.196303 -0.349618 1.761322
-407.851253 -414.128639 -1.135856 -1.152977
-42.883233 702.220974 -0.117770 1.956340
-380.230630 241.227844 -1.060403 0.672052
381.726288 -43.150231 1.060795 -0.122665
217.793120 -132.812601 0.606811 -0.368927
582.286441 -390.874786 1.627361 -1.088282
-308.242786 428.279130 -0.854431 1.193369
-695.063463 -19.708753 -1.933268 -0.050232
178.224597 562.689244 0.500552 1.569434
569.164703 153.187910 1.582457 0.427535
-500.211018 -715.985250 -1.393345 -1.994505
-722.424151 -267.714303 -2.009026 -0.749263
508.590254 198.725668 1.416786 0.558653
-473.143409 -231.069540 -1.317408 -0.645881
-549.308712 -480.067421 -1.533239 -1.335133
-184.989852 368.070350 -0.512717 1.024728
-80.205623 -173.467278 -0.225766 -0.486329
213.954147 73.545088 0.594592 0.203240
-76.392722 -46.681371 -0.214810 -0.127046
23.189441 351.888692 0.066836 0.981889
40.444466 -369.024537 0.109006 -1.026435
503.572591 498.265434 1.402766 1.388588
-541.811715 -91.316822 -1.507751 -0.254495
-167.542751 -278.167945 -0.465128 -0.776900
-8.925426 -27.566829 -0.024475 -0.078269
465.302807 428.123190 1.296243 1.191429
56.055049 -261.816358 0.155574 -0.733834
143.307270 -545.371113 0.396452 -1.516852
50.156324 17.996940 0.139044 0.048053
-265.165253 698.271812 -0.739426 1.949077
380.448128 57.915187 1.059787 0.161023
139.023754 -438.613058 0.385211 -1.225193
-189.100403 -174.067054 -0.527281 -0.482871
-2.650357 161.316608 -0.008645 0.449842
20.418554 313.253645 0.053115 0.869192
136.488677 -438.799784 0.381463 -1.223188
188.959347 -162.773780 0.526729 -0.455220
-31.501850 109.685122 -0.092376 0.306317
-5.279144 -86.185107 -0.018596 -0.242297
-114.573103 -112.187796 -0.323583 -0.308810
33.119222 -197.470925 0.097106 -0.549987
970.826992 -492.844797 2.704563 -1.370731
778.724101 196.235879 2.168765 0.542915
-186.908450 151.830127 -0.523229 0.424961
-653.736724 -7.097531 -1.819347 -0.017661
-14.408495 -356.817452 -0.039546 -0.996098
92.066689 964.674688 0.258409 2.687199
-852.378155 -64.986964 -2.378226 -0.177338
-2.554698 -385.182321 -0.011129 -1.076124
701.578566 104.274268 1.951697 0.288466
817.274625 -0.869340 2.271694 -0.001531
532.206099 121.443541 1.483441 0.342146
-129.929217 262.283020 -0.362321 0.729794
-117.470521 419.272138 -0.323248 1.169018
151.805117 -281.715497 0.426619 -0.789600
-466.438147 338.802866 -1.298920 0.941918
392.739012 -517.451777 1.093504 -1.439606
307.032204 324.418069 0.859808 0.901661
89.346826 338.506819 0.250242 0.945511
260.267041 -470.732038 0.725783 -1.309746
152.891267 -170.174616 0.428960 -0.476695
326.702183 363.860646 0.909556 1.013908
32.723315 23.050324 0.093542 0.066036
-136.815922 478.120206 -0.381825 1.331700
327.620199 -63.014261 0.909589 -0.177792
264.936392 -322.967508 0.740213 -0.900540
-726.387877 905.448248 -2.025218 2.522471
121.507232 -203.137279 0.344375 -0.566202
285.377422 145.494792 0.797304 0.404356
46.350166 -294.120111 0.132335 -0.816131
-270.057464 -112.327203 -0.751116 -0.310217
787.589312 193.774565 2.190295 0.537097
205.107492 271.604455 0.576644 0.755400
774.490190 -279.650470 2.160320 -0.784297
-313.305420 -426.070491 -0.875761 -1.185427
278.662439 242.552270 0.775566 0.675432
679.743930 34.689396 1.895141 0.100723
-267.982787 -42.430228 -0.742992 -0.122360
-452.259394 84.801478 -1.261296 0.231692
503.878022 28.440937 1.403528 0.079237
-118.692122 -397.001308 -0.330866 -1.104936
49.981633 -31.228128 0.138778 -0.090337
-325.704527 236.952291 -0.910339 0.662095
-571.819107 195.082379 -1.591645 0.543096
473.482950 566.376895 1.318847 1.577210
-452.545710 -43.570449 -1.257227 -0.120576
-67.352157 151.511003 -0.188102 0.418322
-52.822348 -24.659790 -0.140080 -0.069162
-161.248817 316.894390 -0.450931 0.884137
-130.906940 373.516896 -0.369754 1.041910
280.373072 -293.554968 0.779991 -0.824184
139.252828 -72.418376 0.386695 -0.205264
-55.239105 -608.862090 -0.157502 -1.701371
-542.606657 -65.712684 -1.511734 -0.186855
403.400313 417.152067 1.120417 1.156579
64.714797 149.158121 0.181130 0.418423
-153.482969 -572.042944 -0.425858 -1.594920
-615.323054 -594.984215 -1.709494 -1.656793
-712.485286 340.983312 -1.989761 0.947814
-50.241656 -207.247169 -0.145612 -0.575283
-63.430579 -258.123726 -0.180474 -0.720505
381.835929 284.778044 1.066061 0.793797
-187.023628 331.451038 -0.517847 0.924954
376.268426 900.420192 1.046685 2.506298
111.203116 138.458529 0.309862 0.385803
-54.730165 -608.331038 -0.154561 -1.696028
78.991248 354.572439 0.221116 0.987107
-100.524446 -129.043891 -0.281685 -0.362339
-202.423583 427.432231 -0.562562 1.191620
-475.283379 -105.043369 -1.327791 -0.299615
-52.019845 -497.931066 -0.141272 -1.387831
4.987638 455.219083 0.011042 1.267846
204.936341 393.757470 0.570327 1.098069
-327.350915 948.755201 -0.917811 2.641424
307.779137 -32.800404 0.853815 -0.093014
280.012555 -207.331580 0.776816 -0.578283
223.587584 120.419552 0.623933 0.340752
-970.912184 -359.663322 -2.706286 -1.003233
-55.347130 67.760133 -0.155328 0.192074
302.924192 -494.314495 0.840328 -1.374053
169.125254 137.066271 0.468174 0.384627
-364.222765 -368.888866 -1.012844 -1.029110
327.932215 -5.705996 0.913207 -0.015724
-488.826480 181.807549 -1.361532 0.510245
309.452685 -353.733549 0.865080 -0.986878
72.173383 -780.175398 0.198151 -2.172613
-91.608883 141.320926 -0.251709 0.392627
357.393919 528.494535 0.995050 1.471488
-239.773576 -12.910006 -0.670366 -0.041962
402.326570 -26.298761 1.117560 -0.074959
-222.805518 -413.176569 -0.621230 -1.152434
439.185947 -558.746025 1.220403 -1.557275
-758.103885 485.796418 -2.114366 1.351257
80.168008 399.496301 0.225760 1.119547
253.328100 385.147597 0.710381 1.076915
-173.346754 367.968653 -0.482892 1.025592
16.333475 221.215653 0.045947 0.620188
292.648032 -85.577833 0.822028 -0.240500
-381.270268 -40.013452 -1.061146 -0.109109
178.445700 -357.029601 0.498094 -0.995912
-143.614950 -18.824904 -0.399680 -0.056392
103.670785 515.423103 0.290200 1.437461
-161.410498 158.113607 -0.448993 0.438351
-169.095641 -312.406812 -0.474359 -0.866903
205.274052 -48.927320 0.573577 -0.134415
221.758442 2.568242 0.621183 0.004268
134.396343 -170.873082 0.373651 -0.474057
-56.554895 226.648507 -0.162330 0.629534
448.103539 -7.183899 1.247711 -0.026481
23.534980 114.775123 0.065478 0.317758
230.629263 -362.788296 0.641841 -1.011157
262.455975 -474.650956 0.733423 -1.315625
613.503853 -530.953206 1.707394 -1.478785
748.235478 -161.929500 2.086178 -0.452155
-64.047196 -542.643613 -0.176602 -1.510772
679.958817 69.316596 1.894666 0.196586
-80.006947 124.553115 -0.224742 0.347052
-373.829848 -133.790706 -1.038515 -0.377876
358.564079 -49.474657 0.997015 -0.139636
-138.564329 -252.243378 -0.383510 -0.700964
95.699033 -170.798094 0.265209 -0.477630
646.795079 163.393729 1.809878 0.451903
13.505257 300.272416 0.033263 0.834127
132.841546 57.132861 0.368382 0.160179
-237.424431 -185.095126 -0.663786 -0.516544
-53.219011 -282.824883 -0.145590 -0.787574
-154.057521 352.613036 -0.426923 0.982167
18.319588 520.033305 0.057233 1.444655
-187.190702 -519.249406 -0.523839 -1.447638
-389.813744 150.126449 -1.082810 0.418317
45.773139 189.442852 0.124872 0.529730
172.893659 -11.914602 0.481995 -0.030840
89.047189 73.403092 0.249108 0.205273
-169.800872 -489.767770 -0.467706 -1.369264
-388.217442 53.741787 -1.080875 0.151004
-470.614542 -91.676075 -1.308574 -0.255243
611.368632 -231.533548 1.701883 -0.644120
1091.120746 -630.505537 3.038272 -1.753656
-363.532741 -236.010009 -1.012984 -0.658046
348.395407 -631.772534 0.975324 -1.759540
-114.988695 157.807180 -0.318303 0.441854
-429.624277 220.424198 -1.196069 0.612946
248.017111 19.026765 0.686338 0.049454
88.385252 -488.912266 0.246914 -1.364081
203.628943 -125.464592 0.560701 -0.351668
511.750713 50.312247 1.427295 0.139263
316.283930 704.004513 0.883893 1.956778
46.516737 -63.468846 0.131068 -0.178426
-450.895986 223.434962 -1.257972 0.620979
-385.362812 -162.230867 -1.075450 -0.448137
39.928538 476.268760 0.111710 1.319543
-661.972965 -30.252155 -1.842397 -0.083934
-111.503893 525.076551 -0.310047 1.462404
261.106173 -0.134731 0.731417 -0.008687
832.820204 -86.724244 2.320167 -0.239423
-399.801415 435.005022 -1.114719 1.208518
-223.309693 516.775492 -0.626064 1.438200
23.884527 -349.411108 0.067897 -0.977353
67.949022 -437.254922 0.191837 -1.216414
-322.267666 -164.436754 -0.900283 -0.460076
53.157843 -46.885207 0.148979 -0.131486
-390.268571 243.126261 -1.091715 0.674217
162.031234 227.250513 0.452423 0.635789
242.242666 155.670069 0.673502 0.435194
-262.974083 -416.296732 -0.729594 -1.156798
-133.246302 -377.998878 -0.368386 -1.051225
-149.066123 -380.705793 -0.419186 -1.060640
225.904339 388.209627 0.628290 1.079343
-166.076474 561.713015 -0.458116 1.564569
547.072709 -119.538485 1.524898 -0.336580
24.313932 -234.612066 0.069928 -0.649392
-674.264898 425.430956 -1.880982 1.187515
249.047029 -378.960924 0.695495 -1.058322
264.780898 -85.015369 0.742094 -0.234042
153.566087 352.878915 0.426741 0.983128
192.033499 -204.871175 0.537078 -0.579542
-1071.122046 -44.284965 -2.986545 -0.123997
-54.170846 321.232398 -0.149350 0.891640
54.010812 308.399210 0.150116 0.859848
644.710794 -199.501496 1.795694 -0.558356
-726.483214 136.206753 -2.022637 0.381826
-309.231771 -222.853732 -0.859352 -0.623257
-234.194586 -402.365583 -0.653945 -1.126032
59.603860 323.773190 0.161450 0.898605
-38.551073 -294.166935 -0.103758 -0.813714
-182.147293 -632.949920 -0.504074 -1.767892
26.069098 -590.758829 0.069357 -1.645026
-314.201029 146.385131 -0.872022 0.412853
-496.543420 -107.970581 -1.383079 -0.303134
-411.310010 -134.463351 -1.149258 -0.373822
108.354283 -362.054776 0.300298 -1.010063
147.180145 48.861665 0.410256 0.140682
510.623932 -51.566666 1.421247 -0.141666
-221.921641 154.990382 -0.618836 0.428860
296.989694 252.513552 0.829003 0.699734
-144.013189 614.164247 -0.401829 1.708595
358.259119 496.214111 0.995868 1.381642
-386.327902 40.786926 -1.077139 0.114526
531.582194 -173.552916 1.480749 -0.488094
-299.482465 -370.754751 -0.833511 -1.033582
-315.302569 372.008910 -0.878639 1.038115
506.608694 225.375530 1.413659 0.628558
-514.865948 -702.578159 -1.429235 -1.956234
26.615093 -48.494103 0.071021 -0.135912
-53.339604 -350.109150 -0.148838 -0.976974
135.012215 422.344148 0.377423 1.175067
152.598289 -160.344714 0.421801 -0.445861
225.188568 629.658316 0.635439 1.755240
102.704107 -201.498703 0.289921 -0.555944
-62.729018 -78.770133 -0.176589 -0.221217
-65.808694 198.070017 -0.185126 0.547877
-157.442356 -170.072504 -0.435559 -0.476827
-473.571284 -236.797078 -1.318612 -0.661160
-358.734672 -562.406945 -0.997500 -1.561082
344.109540 -507.143848 0.955554 -1.412132
76.678012 92.128576 0.210024 0.260367
62.506788 -42.790559 0.175660 -0.117818
11.625548 -347.356628 0.031759 -0.964988
162.598697 438.446669 0.461068 1.221827
30.500099 -443.063618 0.087348 -1.235116
-176.146643 -76.710376 -0.493867 -0.212367
-175.954858 -359.863256 -0.489696 -1.004407
-168.460856 886.097058 -0.470281 2.466708
305.549211 125.912749 0.848744 0.350122
-533.365901 803.329179 -1.483506 2.239530
545.196639 282.277544 1.519667 0.785815
344.846236 -572.325613 0.958963 -1.588425
316.716167 -449.507066 0.886415 -1.252542
-524.455900 200.524020 -1.458730 0.557981
-215.658451 -428.149718 -0.602017 -1.194273
710.127631 403.809787 1.977033 1.120732
10.831400 -658.841912 0.027789 -1.835153
72.503919 55.020843 0.203844 0.155258
-92.495269 451.446637 -0.256190 1.262696
32.183345 -60.393512 0.091047 -0.164685
155.205408 992.685728 0.428385 2.767215
272.077044 684.771785 0.756945 1.907303
83.412042 -659.931582 0.229195 -1.835339
-30.738154 775.650114 -0.082215 2.163741
-198.172704 -509.511795 -0.552346 -1.421069
658.091391 118.281863 1.830500 0.329647
34.611962 243.083865 0.098864 0.681208
-302.090470 22.376472 -0.842154 0.060518
361.248485 -136.682675 1.009163 -0.378906
-513.776521 442.154350 -1.430253 1.230883
9.005158 712.625509 0.026728 1.987063
-129.635813 -168.609629 -0.365969 -0.474311
44.552659 247.940633 0.130466 0.696875
-57.948845 -246.026109 -0.165200 -0.681394
-59.103339 42.617541 -0.162709 0.119642
-27.726805 402.746416 -0.080764 1.125326
666.914856 38.507018 1.863208 0.112816
-17.777884 269.509680 -0.048218 0.751122
63.346558 57.789595 0.172660 0.159765
-148.579655 208.336066 -0.417451 0.579582
-122.234999 63.458726 -0.340188 0.179591
492.283488 358.191878 1.371312 1.001336
578.338489 -336.675579 1.609677 -0.939462
-241.346247 -1117.359615 -0.678267 -3.109624
-17.452483 224.368467 -0.042278 0.626086
-397.330212 -97.485663 -1.106741 -0.267516
-215.867016 272.413050 -0.602795 0.757812
353.708021 -301.771365 0.988996 -0.842219
153.364608 -0.758253 0.425940 0.000268
-63.684876 173.843606 -0.180224 0.486158
166.123748 -391.369074 0.463776 -1.088104
410.703603 164.482397 1.143091 0.458440
-436.739451 -284.710533 -1.215518 -0.790454
-150.108553 324.314046 -0.420691 0.900136
-1000.818399 -32.952384 -2.785160 -0.098184
-117.332775 581.198077 -0.328780 1.617559
218.155488 489.870355 0.609426 1.362676
133.123039 -639.100698 0.375134 -1.782352
462.373236 -389.762336 1.285595 -1.088456
396.473706 227.412851 1.102181 0.633980
95.589758 -22.020954 0.262742 -0.056298
100.067806 -233.635736 0.277586 -0.650088
331.455582 423.893725 0.921644 1.180070
422.422767 248.091047 1.175875 0.685257
665.863138 295.308359 1.863335 0.823906
51.426940 -202.374974 0.140782 -0.563768
153.209560 622.277504 0.424104 1.738837
-520.275321 -677.030045 -1.453222 -1.883865
-118.423888 287.253110 -0.330827 0.800866
-686.339329 257.921427 -1.914010 0.720642
-126.344257 401.103495 -0.347750 1.118394
-35.660848 107.079048 -0.100227 0.298171
-221.704346 450.478532 -0.613187 1.255444
-407.947081 271.595155 -1.136482 0.757085
-480.425473 -107.313819 -1.340498 -0.302283
160.310492 182.451579 0.441411 0.510474
8.951781 -240.983717 0.021290 -0.670213
-1.893920 385.411934 0.000670 1.071396
-190.251258 163.005350 -0.535345 0.457752
-100.067832 -93.124518 -0.277087 -0.260693
-40.409891 458.864101 -0.110933 1.280727
-180.819681 181.688723 -0.502091 0.506988
-335.742417 -110.654171 -0.935065 -0.308648
599.647738 -425.809743 1.676501 -1.186576
-165.211314 493.159405 -0.460721 1.378901
-290.176612 -489.395624 -0.813895 -1.361349
-116.035792 247.476985 -0.324723 0.691875
296.628674 -165.609342 0.827433 -0.460796
-390.179230 -39.282056 -1.079712 -0.111509
161.817496 -155.858256 0.452215 -0.431722
69.099342 451.275948 0.191325 1.256176
-347.191957 236.870181 -0.965168 0.660784
-815.774414 0.340028 -2.272567 0.006774
-13.691386 162.812679 -0.036377 0.454382
-335.350113 147.552237 -0.933688 0.411370
184.474959 565.249481 0.518139 1.578283
-448.691391 97.109813 -1.251496 0.268946
183.971205 577.807736 0.510679 1.608424
-402.697685 81.844027 -1.121672 0.226868
61.509223 334.969045 0.169706 0.931684
315.094463 -5.710908 0.880973 -0.018365
712.194141 701.682791 1.986300 1.959081
-159.245004 -252.910233 -0.447806 -0.705103
31.181634 -146.619640 0.090476 -0.406173
-321.798213 -26.881987 -0.896062 -0.075056
-152.214188 -234.216254 -0.423685 -0.651961
-92.871801 -362.001957 -0.256222 -1.011765
-270.490133 -316.717890 -0.754802 -0.884242
521.613508 7.214563 1.456357 0.020554
-507.246281 169.339954 -1.415309 0.471868
53.726047 191.036248 0.153629 0.531106
-400.166792 71.183688 -1.115706 0.194270
96.108653 -109.471885 0.268463 -0.304497
-257.872309 -997.242992 -0.716893 -2.782745
-126.259969 270.638477 -0.352638 0.753257
94.308730 106.671477 0.264690 0.299039
-465.260807 -484.542285 -1.294662 -1.351756
176.762115 -191.963389 0.488511 -0.535761
670.034401 -0.010749 1.866894 0.001161
-450.343259 75.609894 -1.250823 0.212640
331.490244 405.768268 0.924767 1.132607
551.860532 46.692822 1.539648 0.131412
-722.018703 -500.741317 -2.012033 -1.392548
796.382564 195.060895 2.214337 0.541606
-1.869277 239.277519 0.000646 0.669985
-67.044415 240.850944 -0.186045 0.670756
46.913027 -363.512568 0.134143 -1.012848
-49.893355 131.091462 -0.138236 0.360523
445.467307 549.274514 1.245085 1.533635
278.145250 -123.001053 0.773128 -0.343244
-11.820865 490.954203 -0.033634 1.370782
441.934006 759.489646 1.234205 2.112893
164.161432 322.534054 0.456974 0.900695
501.641625 261.031962 1.397427 0.724373
-73.255053 156.138760 -0.202712 0.439278
-357.840087 -85.244880 -0.998563 -0.239267
392.057451 -295.128612 1.091867 -0.820647
291.831176 169.277844 0.814037 0.474113
-240.366186 -348.323405 -0.668447 -0.969978
-360.922668 -145.674995 -1.005827 -0.409205
-291.958141 93.602461 -0.811777 0.259229
-316.105440 -99.726651 -0.883628 -0.280018
380.631889 699.954879 1.058318 1.954600
-65.375779 512.558020 -0.185198 1.430531
-13.204854 330.524173 -0.034705 0.922045
608.519370 -176.609311 1.698359 -0.493716
-106.132489 373.120601 -0.296988 1.038541
429.011097 229.256704 1.195448 0.632860
-564.268338 -30.606193 -1.572912 -0.085261
-411.972536 -392.401268 -1.152677 -1.090753
465.533557 120.453207 1.293731 0.336425
-244.567660 -31.104468 -0.682909 -0.089662
211.453666 270.333843 0.591038 0.754162
-754.678118 285.774986 -2.098091 0.797540
683.037095 652.391049 1.898385 1.810953
-346.863236 158.046229 -0.966134 0.438662
-508.219753 24.416150 -1.419257 0.064245
125.511978 443.194320 0.347219 1.234720
82.645427 -32.686297 0.230103 -0.089967
369.922022 -76.145996 1.033069 -0.216616
-315.760424 215.598946 -0.884946 0.596995
145.368020 313.413362 0.409773 0.872848
-99.586801 -888.546696 -0.275918 -2.473476
-911.135995 -15.494929 -2.533898 -0.043352
-476.005771 477.783691 -1.322058 1.324229
146.397607 -774.603759 0.411407 -2.155099
195.331583 280.569459 0.540072 0.780826
519.662864 74.780408 1.449709 0.210299
631.296215 210.803893 1.756594 0.589687
-757.301009 261.526988 -2.118330 0.727165
-134.042693 105.015458 -0.373416 0.293545
-20.986810 27.818387 -0.057307 0.078444
-780.131339 77.794989 -2.171388 0.221645
-121.812961 -406.260630 -0.339739 -1.129525
-670.795537 367.867064 -1.866722 1.025457
269.007173 547.986512 0.752011 1.526381
-147.875138 -205.160753 -0.409705 -0.567109
516.528274 -301.616399 1.440451 -0.841317
-88.541180 -810.470804 -0.248029 -2.254907
-44.405397 -138.480050 -0.127406 -0.387506
648.985332 -16.773634 1.809945 -0.047904
-164.289674 459.650545 -0.461609 1.277480
40.143617 -195.912822 0.115474 -0.551053
416.377352 -218.899529 1.163844 -0.614285
121.861668 106.859055 0.339533 0.295453
575.724593 -199.238937 1.599982 -0.554646
430.408425 52.571042 1.197308 0.147359
-278.661894 391.655103 -0.777503 1.093364
-267.336957 177.886939 -0.747312 0.498711
-579.388420 361.172343 -1.612960 1.003336
49.950413 420.277740 0.140169 1.175625
-53.083997 -232.669668 -0.142848 -0.648430
-142.808414 754.267513 -0.395309 2.092238
325.860725 -487.074574 0.910643 -1.356610
156.252403 132.802774 0.435925 0.368153
232.680465 -127.337993 0.644019 -0.351375
290.984072 45.996578 0.809458 0.127229
237.749257 640.039289 0.658288 1.785078
-16.048088 21.433698 -0.042926 0.056439
-966.554571 449.279701 -2.692746 1.253171
-98.219482 42.970357 -0.277836 0.115899
-353.018622 -565.370330 -0.985402 -1.575284
300.312307 387.019742 0.833117 1.077043
52.171524 -429.394783 0.146260 -1.195343
701.108840 -787.713720 1.955099 -2.196264
57.303094 796.775430 0.159182 2.218834
-99.956310 65.284772 -0.277348 0.175918
111.002393 30.104386 0.310104 0.082355
511.656639 -504.869223 1.427122 -1.409758
78.788377 -397.781239 0.219889 -1.108621
-245.308926 -465.666942 -0.686574 -1.293362
3.678417 -291.581691 0.005493 -0.811822
627.057520 -387.501891 1.747093 -1.077372
-57.632558 -288.250349 -0.154647 -0.804013
327.148248 141.924733 0.915703 0.398398
518.624394 397.018122 1.445631 1.110048
716.973986 317.878251 1.995120 0.889467
222.311286 -388.981365 0.619937 -1.079689
-223.964360 -387.587996 -0.626972 -1.079865
-628.833236 -81.238618 -1.748904 -0.227635
472.162390 591.391433 1.315203 1.647248
-329.402153 -240.773907 -0.920003 -0.667559
-122.428638 -201.439786 -0.338089 -0.562854
-128.271120 69.875738 -0.356702 0.195560
-593.994427 -174.029940 -1.658725 -0.481111
519.420537 -212.103173 1.445451 -0.593402
106.853167 63.076400 0.300446 0.173214
63.041812 819.816127 0.173528 2.284894
-187.393994 170.343623 -0.521949 0.473792
306.253094 331.957890 0.848250 0.927249
-252.987537 26.766307 -0.705685 0.076084
303.720897 414.580123 0.847124 1.152854
-148.919292 -244.404638 -0.417977 -0.675704
680.006285 -231.266795 1.895809 -0.642317
-466.157457 -83.288480 -1.297737 -0.228252
-588.334517 -29.758292 -1.633215 -0.081533
241.473336 151.947822 0.668541 0.422601
-108.794730 311.750081 -0.305283 0.869194
-162.682431 68.262179 -0.452919 0.193684
320.164329 -374.318764 0.889781 -1.045334
-441.048984 57.156565 -1.226896 0.156542
-249.752505 -219.010490 -0.697815 -0.606481
922.707652 7.111795 2.570028 0.023040
-184.720351 -331.939473 -0.514826 -0.923525
568.874597 371.201186 1.583113 1.036601
168.345930 173.948493 0.473076 0.483966
737.294072 -476.058139 2.058428 -1.323680
-179.964543 -513.675089 -0.499410 -1.431308
460.767527 -68.798715 1.283818 -0.192128
-179.009200 -137.546345 -0.496411 -0.386205
-782.927584 11.400200 -2.180135 0.028550
-319.000596 -789.113517 -0.888094 -2.199129
632.666193 -6.566647 1.761853 -0.018512
-42.537724 700.168624 -0.116524 1.945649
-34.283554 167.218161 -0.093814 0.467114
-455.142725 43.857650 -1.269683 0.121928
-429.330606 46.369742 -1.193673 0.128995
-269.796582 -407.044297 -0.749771 -1.131890
-307.754207 -112.093570 -0.860631 -0.310198
235.835120 96.136777 0.655687 0.267991
181.646051 421.882173 0.505046 1.171189
-153.033630 402.493743 -0.426999 1.121744
520.872736 405.144522 1.447866 1.131645
-182.040170 418.678696 -0.506367 1.166339
-235.120209 199.282893 -0.655842 0.553476
230.517595 1029.920078 0.642687 2.864980
315.145765 175.440585 0.876142 0.487923
408.515347 665.051674 1.139875 1.855490
256.165696 520.546883 0.715738 1.449714
-700.557831 -220.807264 -1.954827 -0.611845
76.609498 -351.049533 0.214311 -0.974572
699.939926 -88.449021 1.953384 -0.246558
354.744386 -94.304181 0.990512 -0.265838
-6.810363 -153.176487 -0.020103 -0.427711
9.886711 447.826640 0.024292 1.246162
-130.801015 13.851956 -0.361977 0.036938
-7.216838 -581.823333 -0.016424 -1.620777
-777.043450 241.415707 -2.164473 0.671562
-186.512122 -839.628481 -0.520460 -2.333623
802.083979 -159.578838 2.238492 -0.444567
-460.195151 484.206147 -1.282134 1.350239
376.017701 -277.450274 1.051074 -0.767803
-338.046296 194.212871 -0.948906 0.541961
154.613746 342.961081 0.436113 0.956757
-274.810385 73.774764 -0.771463 0.209923
206.400665 -393.934012 0.573115 -1.098080
-513.829092 177.614595 -1.434133 0.489943
-527.713065 -268.068790 -1.469564 -0.746667
-103.600377 204.737354 -0.289129 0.572174
8.072888 -30.503852 0.023211 -0.085409
11.390212 -250.946185 0.032282 -0.696125
191.276839 -254.356594 0.531421 -0.708170
-232.858676 90.888247 -0.645596 0.252963
-82.243168 -633.654851 -0.227056 -1.767434
549.063515 357.310442 1.534048 0.997095
372.616663 384.509413 1.039205 1.069099
296.408586 -87.570808 0.824761 -0.242519
766.950514 104.829350 2.135558 0.296108
21.680539 -598.263811 0.057269 -1.666209
-298.429129 -230.038101 -0.827977 -0.639503
412.439837 54.140467 1.151125 0.153643
57.083817 24.847583 0.157489 0.071410
-63.233944 -854.521183 -0.174964 -2.377432
-113.179219 -69.727219 -0.311112 -0.196619
-344.909572 345.253102 -0.954218 0.961563
31.946930 -145.946823 0.082911 -0.401048
350.751665 -168.963808 0.978138 -0.470267
-371.815661 334.390845 -1.034077 0.932451
44.470232 442.388351 0.123889 1.229931
-263.724722 145.489507 -0.733967 0.405797
238.812756 510.245037 0.665494 1.417605
75.972157 338.408028 0.211164 0.940937
322.123201 92.443583 0.901174 0.252424
21.629096 192.262253 0.062178 0.538634
377.392939 -233.028404 1.054653 -0.649656
-47.399949 -87.612466 -0.129570 -0.243256
355.725251 370.244927 0.990635 1.025704
266.002470 182.967353 0.743842 0.510063
159.989031 165.366325 0.450875 0.460576
-69.050846 -457.435645 -0.190719 -1.271555
353.013045 167.226124 0.982311 0.461994
-273.522668 -325.864090 -0.759953 -0.905644
245.559265 -14.364530 0.687549 -0.041973
485.405105 -330.985843 1.349567 -0.921362
195.174637 -62.649938 0.538351 -0.174141
-346.799306 -718.734182 -0.965793 -1.996550
-165.564586 61.890090 -0.462283 0.172616
-121.828514 299.937471 -0.340325 0.833469
-1147.984512 -595.134075 -3.199778 -1.660182
140.486564 -377.991378 0.392413 -1.060738
25.842831 -821.081929 0.070336 -2.283222
-200.733237 -30.573628 -0.557334 -0.079620
229.762737 187.865099 0.639286 0.519190
-367.572001 151.518920 -1.021211 0.421788
-274.260592 -600.262631 -0.763595 -1.669654
391.509921 487.723474 1.090267 1.357264
-82.244332 75.419418 -0.223474 0.210483
-667.737455 169.147030 -1.859515 0.472092
-216.051600 -61.109897 -0.602294 -0.169192
179.296623 -81.524974 0.501897 -0.222855
117.849167 -152.263210 0.332032 -0.426471
-143.393217 15.450289 -0.394325 0.046189
645.491030 -8.728178 1.795604 -0.025889
92.031585 -719.287566 0.254263 -2.006198
128.654821 -566.987574 0.359467 -1.579393
-457.459853 -451.514686 -1.271046 -1.261509
-291.034913 5.023058 -0.813718 0.011368
-243.261693 276.312880 -0.679065 0.769242
190.464615 -347.592208 0.530209 -0.969238
216.093607 -83.580603 0.598853 -0.226958
-611.667044 -113.335269 -1.707094 -0.316335
112.952674 -258.657889 0.318975 -0.720636
-94.433351 43.450150 -0.256602 0.113256
-90.286305 135.725092 -0.252455 0.375937
-245.377184 -280.875456 -0.681276 -0.785490
42.221634 -564.712645 0.116071 -1.573239
-60.389255 -21.881664 -0.162968 -0.059364
157.415673 -43.349115 0.440236 -0.119546
505.501487 -10.659124 1.413981 -0.030533
-107.523471 -185.708783 -0.296488 -0.521162
10.831837 15.460737 0.026222 0.045783
-3.723826 82.006481 -0.011865 0.227626
-153.831712 -350.837485 -0.428252 -0.977571
-692.973733 -50.872356 -1.932533 -0.137638
-127.303305 580.330088 -0.356119 1.618310
-377.770509 -544.882258 -1.049496 -1.512345
-71.323065 -132.362229 -0.200187 -0.372575
-331.893037 254.627680 -0.925682 0.705509
43.841058 -451.403880 0.120016 -1.259931
132.398303 -61.227994 0.368077 -0.171814
91.129445 -137.663447 0.253128 -0.384051
595.268759 -29.995972 1.651135 -0.085985
-56.358046 208.487417 -0.159363 0.575909
-324.694796 -307.808755 -0.905510 -0.856741
211.501726 582.244035 0.587897 1.620450
-17.937135 887.501536 -0.054504 2.469748
570.895457 -507.060171 1.589129 -1.409987
-296.262454 224.582692 -0.824820 0.628675
-280.724983 183.045204 -0.781920 0.514583
787.420612 273.112672 2.190676 0.760510
72.864835 124.724695 0.204154 0.344976
-120.589555 -607.803044 -0.336164 -1.692119
255.847428 127.449863 0.718480 0.359867
-475.816248 -97.507798 -1.330144 -0.273254
-205.962904 207.256330 -0.569061 0.574601
-458.185668 521.101724 -1.280538 1.452017
115.991260 -201.835980 0.318623 -0.561732
255.890363 -324.300806 0.716573 -0.909917
190.536757 -300.199726 0.531002 -0.836730
262.218413 -410.802989 0.732286 -1.147320
259.251046 -17.042576 0.721842 -0.047661
647.289802 -163.551515 1.804604 -0.457902
288.477463 162.426766 0.807894 0.447224
535.603213 -795.505453 1.492320 -2.218780
218.584663 -78.536912 0.612826 -0.213902
-39.904677 498.501448 -0.109809 1.388737
-144.005766 -372.365438 -0.399471 -1.034313
292.110496 12.339138 0.817504 0.035559
-165.730804 58.624822 -0.465198 0.159545
-146.815945 265.855477 -0.409778 0.742742
71.415283 192.986439 0.198819 0.535834
-517.302474 399.755978 -1.438905 1.114939
-252.043149 -438.550381 -0.702481 -1.224617
-31.418423 -475.765343 -0.089366 -1.323402
34.765359 306.701863 0.096890 0.852348
-184.241660 643.194631 -0.512469 1.789615
98.275553 -249.405889 0.273246 -0.691648
625.475488 409.413899 1.744279 1.142634
378.939633 -149.602895 1.053769 -0.420189
98.637130 102.653230 0.274719 0.284646
-315.382717 -250.970308 -0.879283 -0.701850
130.633650 47.916328 0.363229 0.132683
-463.916402 206.675824 -1.294636 0.582093
248.940783 -341.158857 0.697051 -0.952436
-16.245847 344.309520 -0.044849 0.957527
