1435 933 2985 0.79
99.981325 -63.808551 0.103699 -0.066188
114.676680 -222.554998 0.118600 -0.230508
-32.741631 -353.234597 -0.033607 -0.365598
254.882475 13.551298 0.263768 0.013818
441.989963 298.941185 0.457647 0.309615
-26.940928 263.777942 -0.027947 0.273339
-81.359812 -51.567787 -0.084687 -0.053106
-251.368607 -268.649210 -0.260417 -0.278162
132.021965 60.491290 0.136969 0.062735
134.169793 175.336680 0.138919 0.181629
156.379843 -111.649258 0.161898 -0.115992
-43.448372 34.656774 -0.045236 0.036409
411.664346 0.182479 0.426585 -0.000196
-9.644919 163.512463 -0.009981 0.169406
-148.771314 -8.710159 -0.153894 -0.008651
23.236030 72.639833 0.024046 0.075478
132.531145 98.762431 0.137177 0.102125
193.901707 -143.025949 0.200997 -0.147940
-190.895036 -9.554781 -0.197592 -0.009781
-67.695474 129.465545 -0.070047 0.133771
-23.198574 -357.731186 -0.024087 -0.370630
109.593994 318.571977 0.113294 0.329910
10.376144 -308.300737 0.010456 -0.319241
-28.720900 -13.601646 -0.029859 -0.014057
120.674976 -96.549989 0.124866 -0.099905
107.804132 -107.738447 0.111669 -0.111756
75.405936 -75.605476 0.078041 -0.078052
-263.881083 88.035109 -0.273135 0.091161
38.679726 -167.024344 0.040013 -0.172780
180.514869 -87.315133 0.186713 -0.091056
196.780086 137.162246 0.203808 0.142266
-32.670358 -73.056581 -0.034038 -0.076011
-78.887864 380.341262 -0.081334 0.393614
80.613306 -176.911154 0.083764 -0.183139
-298.706335 27.433767 -0.309402 0.028605
-60.431423 342.126949 -0.062541 0.354393
107.176634 -105.363714 0.110689 -0.109244
174.965574 -89.805063 0.180977 -0.093037
86.924680 40.521237 0.089975 0.042045
55.656741 -64.652621 0.057153 -0.066626
-127.842344 25.034365 -0.132353 0.025719
8.261801 379.473273 0.008641 0.392970
56.027206 234.130953 0.057820 0.242546
-30.815530 80.978606 -0.031863 0.083768
40.541436 189.518035 0.042226 0.195761
163.551788 124.118253 0.169218 0.128199
-36.414684 -100.179717 -0.037201 -0.103707
139.520743 92.924749 0.144024 0.096032
30.460060 -216.380293 0.031520 -0.224004
-334.223603 -176.215062 -0.346278 -0.182203
-183.582338 -45.037192 -0.190160 -0.046676
-74.972159 -161.915266 -0.077304 -0.167775
-41.161165 -377.358510 -0.042461 -0.390714
-406.111024 -249.380091 -0.420419 -0.258217
48.171893 -61.512588 0.050140 -0.063532
184.911998 -59.771087 0.191454 -0.061852
107.593468 -211.412086 0.111588 -0.219303
-198.022101 -626.125840 -0.204997 -0.648161
-426.629840 155.494538 -0.441597 0.161083
3.445602 -75.884387 0.003976 -0.078596
-68.121219 20.729472 -0.070080 0.021122
-119.313460 -65.348832 -0.123290 -0.067746
134.111171 198.729267 0.138829 0.205765
205.611100 228.486324 0.213072 0.236287
203.674571 109.703709 0.211049 0.113957
79.848542 350.498568 0.082802 0.362406
109.180571 126.991663 0.113097 0.131587
-180.098369 97.538880 -0.186449 0.100946
434.000985 177.745599 0.449356 0.184057
321.568077 -11.513622 0.332768 -0.012222
-72.854950 68.861958 -0.075568 0.071453
-1.201553 24.540323 -0.000859 0.025419
-55.592167 -69.933392 -0.057268 -0.071986
-38.069150 302.325076 -0.039287 0.313075
36.429869 84.515582 0.038022 0.087387
-42.353659 -22.005934 -0.044301 -0.022716
43.829031 131.520915 0.045699 0.136379
-280.744540 187.387023 -0.290435 0.193582
192.260830 155.756766 0.198929 0.161303
-309.770755 -77.693730 -0.321115 -0.080029
17.362603 67.951815 0.018184 0.070630
250.546608 -88.110244 0.259556 -0.091285
-377.654241 -20.056615 -0.390664 -0.020614
-291.015180 232.441024 -0.301401 0.240760
219.164182 104.634887 0.226612 0.108272
599.822914 12.371478 0.620905 0.012823
108.129149 -313.496939 0.112212 -0.324653
38.426618 -179.862001 0.039346 -0.186142
138.921105 213.061813 0.144181 0.220420
-220.504686 -119.533004 -0.228517 -0.123715
-266.738217 -85.419325 -0.275881 -0.088980
-218.210948 113.432556 -0.225917 0.117352
330.952781 139.176797 0.342301 0.143975
-56.674123 71.502383 -0.059047 0.074071
-68.187189 65.950274 -0.070447 0.068527
36.136612 -71.614251 0.037229 -0.074186
-198.601213 -8.122853 -0.205807 -0.008259
282.657022 -264.382569 0.292430 -0.273421
-167.200663 -18.908913 -0.172885 -0.019813
-66.623642 -34.543167 -0.068453 -0.035442
-20.507273 59.987064 -0.021359 0.062134
-157.349521 38.360203 -0.162945 0.039468
214.905522 -75.182426 0.222313 -0.077943
37.941882 298.723453 0.039096 0.309108
-163.090436 -187.384428 -0.168660 -0.194164
-28.020019 573.302990 -0.029225 0.593491
-96.364743 -68.421489 -0.099736 -0.070725
63.343073 244.950060 0.065567 0.253750
50.046276 175.996101 0.051590 0.182259
-498.545466 -4.523780 -0.516000 -0.004701
-67.484416 -6.690640 -0.069945 -0.006833
-326.497751 108.382645 -0.338024 0.112015
-287.983562 268.091927 -0.297717 0.277723
269.734506 -164.782900 0.278848 -0.170668
-135.463861 -39.626989 -0.140496 -0.040813
-149.224022 103.534128 -0.154247 0.107284
142.063043 -218.716624 0.146962 -0.226396
342.480005 46.288026 0.354282 0.047847
156.081774 -85.378865 0.161497 -0.088444
-169.022602 107.229575 -0.174950 0.110927
102.703116 475.180866 0.106140 0.491961
-145.948344 161.645822 -0.151066 0.167387
308.270745 94.149667 0.319036 0.097454
-81.481376 -74.002430 -0.084469 -0.076584
225.762088 -35.598453 0.233604 -0.036754
30.557886 -49.369498 0.031493 -0.051388
139.711500 -50.694264 0.144852 -0.052799
381.313556 29.206565 0.394856 0.030585
14.468569 -55.124526 0.014836 -0.056983
-32.390543 237.357783 -0.033256 0.245545
-106.673607 -187.570479 -0.110347 -0.194078
22.450476 -400.780525 0.023173 -0.415047
-488.232791 494.013660 -0.505269 0.510926
-243.299868 162.297518 -0.251710 0.167798
-248.295620 -267.090251 -0.257312 -0.276273
63.336465 105.005105 0.065959 0.109035
155.015093 -4.426967 0.160245 -0.004595
203.358325 -132.033372 0.210402 -0.136280
-295.629705 -180.629102 -0.305952 -0.186961
118.570766 106.417885 0.122715 0.110298
-150.490393 -142.977667 -0.155608 -0.147966
-206.374973 -42.851838 -0.213526 -0.044040
107.113674 1.202941 0.110541 0.001101
-34.027796 -39.816674 -0.035448 -0.041349
66.338178 -277.198178 0.068745 -0.286349
131.319405 159.314375 0.136065 0.164832
211.966845 92.433254 0.219802 0.095679
-181.402262 158.537701 -0.187966 0.163730
-283.562591 127.911096 -0.293597 0.131978
-17.638504 91.038281 -0.018044 0.094013
-452.513417 -16.427149 -0.468200 -0.017152
156.366647 -173.490650 0.161754 -0.179649
228.915284 180.003604 0.236612 0.186401
-143.874730 102.390506 -0.148871 0.105982
-267.579695 90.495614 -0.277185 0.093480
-17.601730 -36.313665 -0.017932 -0.037879
36.519674 -194.839025 0.037349 -0.201560
-156.676370 74.805777 -0.162115 0.077642
67.792529 -236.212348 0.070215 -0.244542
-247.246068 12.322225 -0.256123 0.012867
80.440773 60.783040 0.083537 0.062766
115.125913 -293.894597 0.119121 -0.304364
45.634863 536.250117 0.047415 0.555108
-88.067784 -60.989616 -0.090862 -0.062835
-72.196578 -86.097511 -0.075108 -0.089056
-158.994612 -103.046036 -0.164381 -0.106588
-28.699317 108.157501 -0.029679 0.111806
93.073864 24.215814 0.096170 0.024958
-153.526925 -41.480065 -0.158831 -0.043353
33.924885 423.088922 0.035155 0.437590
14.851310 85.432865 0.015712 0.088448
89.155937 -72.740079 0.092494 -0.075175
-181.869272 -165.258854 -0.188221 -0.170792
-30.075025 -89.942926 -0.031180 -0.092927
-234.446268 -231.433978 -0.242672 -0.239904
187.772595 -317.681245 0.194141 -0.328438
-261.625940 -15.651974 -0.270920 -0.016339
-288.960011 175.772929 -0.298944 0.181841
163.043247 -76.575087 0.168828 -0.079476
282.878897 428.078618 0.292720 0.443188
166.082080 -181.981923 0.172159 -0.188496
39.471640 -8.556624 0.040714 -0.008506
172.754773 -317.389892 0.178709 -0.328515
-76.962190 142.664875 -0.079751 0.148019
245.244742 201.804269 0.253605 0.208778
-40.549406 -178.653329 -0.042180 -0.184903
107.465628 66.889889 0.111137 0.069145
-88.843510 -23.422029 -0.092250 -0.024390
-79.369954 -239.913964 -0.082076 -0.248600
268.873699 -3.166352 0.278638 -0.003149
499.284004 -254.255956 0.516926 -0.262834
242.365582 121.228644 0.250715 0.125599
-114.244028 -198.009372 -0.117860 -0.204381
394.200235 -213.916200 0.408005 -0.221380
-66.809588 282.546271 -0.069180 0.292614
40.125283 -105.399347 0.041371 -0.108802
-206.295313 28.482959 -0.213825 0.029319
412.252110 -171.573487 0.426784 -0.177307
150.697161 -339.014578 0.156105 -0.350994
-158.814087 13.110698 -0.164488 0.013724
-92.007172 256.179736 -0.095263 0.265077
-95.415623 594.875708 -0.098849 0.615700
-36.393833 258.640767 -0.037451 0.267765
317.259370 -179.040238 0.328494 -0.185322
197.501848 204.448569 0.204397 0.211588
-22.497677 -85.601510 -0.023478 -0.088541
175.853703 142.714649 0.182121 0.147712
253.672496 350.798749 0.262546 0.363283
-0.886907 -449.589665 -0.001062 -0.465259
-301.434763 276.749265 -0.312126 0.286386
-49.055354 25.134355 -0.050750 0.026491
-95.527979 153.493621 -0.099131 0.158721
230.888646 -171.508668 0.238929 -0.177427
55.143427 -95.198102 0.057003 -0.098596
205.229942 109.360766 0.212788 0.113309
-227.363605 -51.425966 -0.235187 -0.053148
24.885956 -192.534176 0.025738 -0.199096
-63.368295 352.847723 -0.065579 0.365387
147.760940 274.628976 0.152882 0.283920
154.113341 -334.371520 0.159646 -0.346341
147.659661 -172.129451 0.152669 -0.178240
-107.051446 87.814869 -0.110512 0.090853
259.607400 390.124749 0.268645 0.403661
-7.381547 109.437451 -0.007615 0.112920
91.882186 198.280942 0.095267 0.205373
158.100145 -192.400272 0.163512 -0.199083
34.720801 -20.717410 0.035952 -0.021078
174.913663 -12.373018 0.181157 -0.013109
-43.191675 23.775484 -0.044708 0.024613
-219.316926 25.586923 -0.226741 0.026617
-34.971730 236.543349 -0.035962 0.244550
-195.073015 143.266361 -0.201808 0.148328
261.849820 -31.585929 0.270964 -0.032755
-301.112940 -535.234583 -0.311839 -0.554073
134.208998 40.349518 0.138998 0.041989
-150.956926 36.943117 -0.156074 0.038144
8.061203 41.084220 0.008278 0.042318
-452.732445 -80.447476 -0.468550 -0.083041
109.950104 19.945776 0.114158 0.020830
-67.017570 -277.831468 -0.069346 -0.287734
132.627507 -250.315456 0.137296 -0.259635
-76.249664 168.842879 -0.079015 0.174637
30.519094 245.537220 0.031472 0.253624
-95.566374 -169.625372 -0.098738 -0.175572
-138.986631 168.480183 -0.144163 0.174138
-46.086712 -112.650402 -0.047972 -0.116594
94.657410 63.720769 0.098000 0.066336
154.364149 394.791505 0.159920 0.408306
196.219752 91.373546 0.203128 0.094470
-72.883950 101.019509 -0.075623 0.104296
-88.241388 -214.430749 -0.091107 -0.222041
-138.121340 -227.190715 -0.142833 -0.235296
-247.149173 -47.188044 -0.256028 -0.048643
-10.729588 -487.764797 -0.011454 -0.504746
40.993599 -395.770336 0.042238 -0.409747
-278.083547 -223.714309 -0.288198 -0.231261
-564.931454 -4.839528 -0.584778 -0.004967
-264.503989 -165.107296 -0.273666 -0.171232
-67.387917 -115.663329 -0.070120 -0.119395
44.016730 -167.794107 0.045518 -0.173630
-121.214849 97.377192 -0.125327 0.100726
-164.477870 34.587469 -0.170160 0.035829
-123.221674 114.855257 -0.127802 0.119010
-12.703064 -8.520858 -0.013559 -0.008522
-51.634533 307.044682 -0.053432 0.317921
96.968747 -291.246955 0.100191 -0.301463
-512.890537 -20.711516 -0.530751 -0.021558
121.780151 350.692339 0.126417 0.362765
40.537999 238.853406 0.042043 0.247202
182.180362 -411.772744 0.188409 -0.426224
215.603737 -89.060797 0.223297 -0.091950
-67.197395 237.533687 -0.069520 0.245874
2.008341 131.222404 0.002016 0.135983
-113.064836 -1.967431 -0.117078 -0.001971
-399.923614 -364.961835 -0.414370 -0.377943
34.313300 -123.437705 0.035659 -0.127810
221.029006 225.347644 0.229250 0.233615
-4.311019 49.587226 -0.004602 0.051348
193.544961 -23.350243 0.200701 -0.024004
54.716772 -64.781285 0.056641 -0.067126
44.446616 -446.711942 0.045926 -0.462555
213.260411 129.819473 0.221019 0.134248
-192.262311 385.465259 -0.198766 0.398985
10.451313 327.479208 0.010937 0.338806
224.111919 -155.408493 0.231846 -0.160878
-189.947353 -61.862728 -0.196691 -0.064241
-171.727405 101.180165 -0.177969 0.104570
8.816014 296.374297 0.009253 0.307058
-128.487068 114.523591 -0.133097 0.118835
105.920240 -402.482335 0.109579 -0.416659
109.573788 -14.667938 0.113216 -0.014563
-360.559450 126.984556 -0.373135 0.131583
-44.770725 121.433938 -0.046268 0.125741
-216.666007 -160.906824 -0.224368 -0.166539
95.433842 -167.610033 0.098641 -0.173212
152.414230 -231.401338 0.157555 -0.239696
-152.306205 181.979846 -0.157600 0.188226
398.332029 125.386418 0.412307 0.129973
244.108811 10.929275 0.253048 0.011120
225.920515 -191.933892 0.234158 -0.199046
-186.782224 -66.925602 -0.193300 -0.069328
7.368087 40.761358 0.007678 0.042110
497.233789 364.435296 0.514721 0.377378
-184.028487 53.091908 -0.190463 0.054967
-232.162013 197.589265 -0.240359 0.204730
-193.515545 19.804625 -0.200523 0.020693
-284.045104 -8.808117 -0.294277 -0.009515
-50.200712 166.694381 -0.051993 0.172720
-38.580644 52.304867 -0.039872 0.054364
-509.469914 -338.005996 -0.527442 -0.349655
-254.073079 -41.522034 -0.263096 -0.042981
-222.045556 -279.341871 -0.229651 -0.289174
-30.639450 -48.958204 -0.031941 -0.050502
-108.211967 -179.597673 -0.112028 -0.186015
57.804571 -338.943536 0.059785 -0.350727
-10.185600 68.270421 -0.010729 0.070442
-169.839350 -39.387788 -0.175707 -0.040676
-102.633764 -119.973913 -0.106475 -0.124025
185.336433 -128.736600 0.191931 -0.132926
-17.626165 -95.599247 -0.018259 -0.098940
67.624869 -101.803957 0.069695 -0.105304
28.384135 375.919631 0.029449 0.389409
7.629865 -219.264495 0.007875 -0.226918
-58.697664 -180.005768 -0.060455 -0.185976
281.402950 185.145299 0.291396 0.191885
171.409404 -299.578753 0.177628 -0.310248
-243.176448 -279.824994 -0.251756 -0.289521
-15.148550 -73.531327 -0.015520 -0.076155
83.903729 171.735319 0.086814 0.177951
112.110628 241.084352 0.116258 0.249570
98.006775 -155.885216 0.101417 -0.161647
152.725935 -39.569775 0.158297 -0.041176
99.595825 170.353295 0.102982 0.176236
175.599437 62.460556 0.181937 0.064869
161.844514 -145.739732 0.167383 -0.150762
-20.375128 352.447762 -0.021156 0.364757
9.023655 173.871279 0.009108 0.180029
352.938348 162.914780 0.365380 0.168264
-168.476312 352.246594 -0.174196 0.364770
-270.355219 -209.699800 -0.279921 -0.216899
-96.868361 -61.706175 -0.100155 -0.063645
32.036546 62.235192 0.033169 0.064751
30.394561 37.795898 0.031706 0.039113
-255.141851 -99.047232 -0.264242 -0.102724
-182.697637 19.839132 -0.188995 0.020482
-106.887280 -268.107830 -0.110927 -0.277348
94.637541 -64.967336 0.098321 -0.067132
-0.948424 150.828955 -0.001276 0.156620
-35.186007 -32.548123 -0.036565 -0.034143
17.136871 -214.462697 0.017752 -0.221992
-268.242282 -92.719704 -0.277672 -0.096096
232.445834 73.642841 0.241098 0.076644
-26.280262 11.919188 -0.027152 0.012381
-246.932443 48.060112 -0.255506 0.049845
160.210143 177.479019 0.165609 0.183699
-135.579045 -63.231541 -0.140051 -0.065384
113.020406 144.820385 0.117403 0.150011
111.330341 226.614527 0.115150 0.234573
85.602759 171.921837 0.088562 0.178285
-230.676038 173.288259 -0.238947 0.179220
-93.421722 478.086905 -0.096726 0.494681
189.609530 -20.511967 0.196351 -0.021449
105.346459 -384.082235 0.108672 -0.397600
23.496638 -186.898383 0.024411 -0.193621
-154.445926 1.860538 -0.159993 0.001766
77.934681 -107.915196 0.080465 -0.111623
-6.067460 -132.709483 -0.006095 -0.137535
136.512302 147.800685 0.140947 0.152645
-326.697134 367.279729 -0.338289 0.380457
184.775862 -136.845290 0.191114 -0.141647
12.502295 -155.825235 0.013167 -0.161366
-154.846430 -32.588368 -0.160439 -0.033980
-304.336005 -495.964645 -0.315115 -0.513506
-45.367733 108.841282 -0.046960 0.112612
170.758781 199.200932 0.177051 0.206355
257.865556 81.417901 0.266961 0.084109
34.331579 319.238783 0.035767 0.330507
-170.552254 314.426232 -0.176609 0.325653
285.701227 333.407766 0.296089 0.345077
60.220530 -253.751712 0.062328 -0.262982
-145.230060 -327.727102 -0.149747 -0.339529
-62.566990 394.561187 -0.064917 0.408247
304.095274 -174.455712 0.314844 -0.180854
-86.647843 -190.162604 -0.089876 -0.196686
113.117663 -9.237484 0.117139 -0.009886
37.009750 401.884382 0.038136 0.415931
-289.403280 313.552294 -0.299567 0.324538
130.179953 74.843705 0.134558 0.077210
-17.320651 -86.967976 -0.017889 -0.090221
34.360089 380.355741 0.035591 0.393622
89.475176 -97.480310 0.092912 -0.100808
230.610966 213.784623 0.238883 0.221098
170.732232 -179.249356 0.176701 -0.185542
-100.940987 -301.296689 -0.104499 -0.312361
-261.831850 97.201558 -0.270894 0.100416
260.708774 284.627630 0.270108 0.294589
77.101060 84.802458 0.079774 0.087622
-18.035271 181.678831 -0.018479 0.188389
-26.981038 200.038454 -0.028195 0.206990
-153.419086 -112.682094 -0.158527 -0.116496
-100.336042 310.933460 -0.104031 0.321854
-48.360521 47.176629 -0.050285 0.048667
-71.576330 204.044874 -0.073950 0.211585
-69.838744 135.283177 -0.072455 0.140025
-168.718906 24.129082 -0.174744 0.025278
24.438555 105.072794 0.025321 0.108241
-55.098957 188.255624 -0.056713 0.194983
-279.574471 -26.688949 -0.289423 -0.027964
-162.723820 -154.272288 -0.168748 -0.159918
-97.455647 -15.809900 -0.100270 -0.016339
-316.566215 104.630278 -0.327768 0.108270
70.937691 70.338256 0.073432 0.072663
-41.478353 -24.295984 -0.042689 -0.025289
-108.561986 -253.819637 -0.112270 -0.262776
75.746815 -31.098357 0.078188 -0.032242
-331.955331 129.792150 -0.343264 0.133980
-185.836001 -135.681341 -0.192689 -0.140258
-215.544116 -109.634159 -0.223688 -0.113028
13.359487 -95.453194 0.014118 -0.098532
-33.631202 -77.277073 -0.034899 -0.079877
-305.630142 24.755417 -0.316356 0.025564
73.791900 -295.307135 0.076528 -0.306114
186.375550 0.426068 0.192686 0.000441
-157.735411 -328.351280 -0.163133 -0.339949
262.505164 8.641442 0.271588 0.009268
367.100086 120.789512 0.379841 0.125073
118.338899 -411.663268 0.122431 -0.426061
172.119154 64.958484 0.178365 0.066982
-114.638825 -9.997363 -0.118454 -0.010352
-187.792547 77.339394 -0.194569 0.080338
49.511815 -33.565018 0.051239 -0.035124
-74.080987 97.068531 -0.076961 0.099991
22.779485 -144.197256 0.023920 -0.149233
-212.930653 -1.196713 -0.220492 -0.001332
132.918855 -132.779970 0.137764 -0.137599
157.631801 -215.176593 0.162982 -0.222649
-114.708133 180.004633 -0.118497 0.186352
53.421371 -130.700867 0.055195 -0.135287
124.909234 323.988356 0.129131 0.335459
152.898246 -259.178763 0.158373 -0.268219
59.798481 -32.867694 0.061987 -0.033693
-33.542336 80.406462 -0.034557 0.083264
167.654188 -81.613227 0.173750 -0.084386
57.491326 205.992723 0.059551 0.213440
27.488943 -121.126035 0.028217 -0.125149
83.829809 -98.457776 0.086598 -0.101638
88.898814 -240.950112 0.092025 -0.249170
-457.073202 -18.923596 -0.473191 -0.019320
-163.439067 -18.756429 -0.169355 -0.019184
313.695301 -227.501193 0.324901 -0.235724
-321.932380 -134.656856 -0.333388 -0.139340
-306.810173 -18.791808 -0.317299 -0.019600
114.013320 -226.934447 0.117894 -0.234550
44.425388 -128.133577 0.045895 -0.132579
106.346359 -133.986019 0.109885 -0.138807
-389.430626 19.481872 -0.403166 0.020305
-117.701296 -47.136412 -0.121604 -0.048707
142.577767 104.419632 0.147481 0.108291
165.450842 132.358606 0.171020 0.136935
196.120349 -222.431186 0.203059 -0.230123
142.898655 155.421037 0.148107 0.160484
240.697350 -323.112394 0.249575 -0.334638
70.086360 -148.919917 0.072284 -0.154048
167.525125 -143.664643 0.173437 -0.148557
75.676177 -440.972696 0.078235 -0.456673
-72.176108 -319.921897 -0.074734 -0.330857
-22.373199 26.710611 -0.023441 0.027740
-255.574956 -199.539273 -0.264756 -0.206112
-154.061087 287.964257 -0.159449 0.297916
23.070616 482.242509 0.024014 0.499080
-276.537118 -290.258365 -0.286125 -0.300502
-173.869268 130.861725 -0.179877 0.135653
125.939399 124.764420 0.130188 0.129306
51.544509 258.588225 0.053440 0.267788
-270.461147 -162.944555 -0.280143 -0.168549
-324.564881 17.598666 -0.336160 0.018348
311.105146 -159.702784 0.321953 -0.165445
292.592034 -55.177131 0.302905 -0.057333
94.958935 339.358805 0.098355 0.351286
-19.520601 -203.356305 -0.020314 -0.210314
71.495193 -76.705435 0.074073 -0.079366
165.444140 228.494971 0.171387 0.236498
-18.353618 215.844358 -0.019016 0.223352
46.729963 -117.103221 0.048618 -0.121420
234.727672 -74.128400 0.242834 -0.076605
193.623008 197.446723 0.200528 0.204530
-211.952985 -81.105609 -0.219719 -0.083812
27.462283 -228.338680 0.028470 -0.236328
35.894631 15.984595 0.037611 0.016383
-141.561881 -151.690980 -0.146638 -0.156997
30.188004 204.764925 0.031396 0.212223
-494.475369 -138.274035 -0.512112 -0.143340
27.466446 -332.796940 0.028543 -0.344569
-76.988204 36.410020 -0.079863 0.037866
-175.057713 73.003205 -0.181166 0.075405
5.074348 -247.310768 0.005295 -0.255902
35.907287 -88.943285 0.037286 -0.092041
-79.988093 -35.006734 -0.082819 -0.036552
-200.359521 293.438568 -0.207270 0.303999
15.911115 170.939767 0.016829 0.177244
-265.480421 -79.052254 -0.274966 -0.081919
-20.953169 100.485288 -0.021713 0.103700
502.848720 -117.329568 0.520534 -0.121729
-119.709759 -488.872939 -0.123690 -0.506424
-541.257085 -225.645593 -0.559970 -0.233618
-15.370558 15.149595 -0.016031 0.015943
1.982239 315.800613 0.002031 0.326788
-10.974415 453.723105 -0.011453 0.470172
-344.461304 -30.728107 -0.356177 -0.031731
106.896405 -13.207992 0.110263 -0.013328
-247.457540 -108.474278 -0.256216 -0.112029
250.144736 -143.704775 0.258734 -0.148927
121.935327 -84.249138 0.126002 -0.087335
-132.671014 311.718756 -0.137325 0.322800
246.951812 500.213735 0.255704 0.517761
-194.917733 -204.111675 -0.201473 -0.211471
-83.349794 -194.003338 -0.086232 -0.200750
217.232544 -397.728058 0.224437 -0.411567
75.126528 96.246693 0.077959 0.099506
196.013288 -357.026336 0.203264 -0.369587
-47.299190 179.335312 -0.049331 0.185664
129.566443 295.547803 0.134366 0.306133
-138.815916 -305.321770 -0.143882 -0.316038
-125.772560 -59.783350 -0.130200 -0.061903
162.363983 190.997156 0.168176 0.197793
-296.090558 -284.223840 -0.306456 -0.294540
86.580073 -0.131319 0.089406 -0.000223
-454.263476 107.843123 -0.470054 0.111286
-223.780055 -121.826860 -0.231775 -0.126128
344.753874 -29.290339 0.356850 -0.030284
120.895708 -35.290719 0.125246 -0.036550
148.024732 62.000516 0.153532 0.063937
-123.208120 -69.007981 -0.127798 -0.071271
117.503869 -114.360381 0.121912 -0.118588
17.682878 -125.968300 0.018766 -0.130459
55.037835 -37.613565 0.057036 -0.039199
312.787127 -199.655971 0.323926 -0.206964
80.722278 -63.775973 0.083508 -0.066137
-226.678778 183.670525 -0.234785 0.190046
-334.957617 154.555970 -0.346809 0.160070
-41.810337 -338.453652 -0.043350 -0.350348
-120.138708 -264.979601 -0.124064 -0.274459
122.812514 -36.288208 0.126966 -0.037500
103.823666 123.268694 0.107691 0.127546
8.213067 -229.557185 0.008447 -0.237591
213.065361 -290.392808 0.220700 -0.300231
327.936931 208.158025 0.339763 0.215526
-139.278966 -78.926012 -0.144494 -0.081688
-64.674888 -146.066307 -0.067386 -0.151378
-8.519136 -188.271039 -0.008736 -0.195137
164.009735 32.121776 0.170221 0.033345
132.704992 201.936123 0.137508 0.209208
88.684384 -316.312152 0.091834 -0.327579
99.127091 -126.415115 0.102866 -0.131120
-29.524431 -302.192869 -0.030891 -0.312814
-83.480554 252.681995 -0.086283 0.261262
62.907325 59.153722 0.065199 0.061027
61.617495 -236.790885 0.063886 -0.245109
50.511531 -170.596275 0.052049 -0.176451
-138.548239 -17.800411 -0.143417 -0.018609
30.347268 -196.598109 0.031615 -0.203717
-48.193918 32.237392 -0.050124 0.033260
-133.924636 -239.831815 -0.138743 -0.248124
45.378133 182.172086 0.047077 0.188679
-137.259659 479.582513 -0.142020 0.496441
149.568865 186.715382 0.154852 0.193170
43.907611 397.842144 0.045667 0.412009
186.808178 -162.836641 0.193230 -0.169087
96.808689 20.749909 0.100117 0.021248
73.420865 -8.248317 0.075934 -0.008955
87.352577 104.561923 0.090317 0.108279
174.138854 -265.461900 0.180371 -0.274971
-271.890903 -98.222376 -0.281484 -0.101706
-42.722251 296.210958 -0.044485 0.306637
87.817087 -87.826581 0.091079 -0.091006
93.984370 32.758570 0.097229 0.034322
-64.748244 -319.764777 -0.067275 -0.331179
28.129022 112.858993 0.029089 0.116876
-89.272415 148.805904 -0.092552 0.154334
101.887723 -132.820307 0.105741 -0.137603
-129.885664 326.747154 -0.134455 0.338664
-54.559103 -68.305874 -0.056268 -0.071078
-594.236630 -86.445078 -0.615151 -0.089494
-115.290650 407.973232 -0.119578 0.422504
-15.052115 -159.381010 -0.015626 -0.165071
107.873774 -101.805652 0.111858 -0.105247
147.290106 8.312749 0.152332 0.008844
-125.438799 -95.221458 -0.129671 -0.098895
38.276302 -197.374007 0.039807 -0.204548
423.375737 300.325860 0.438138 0.310893
166.464511 -187.896277 0.172665 -0.194301
-92.440676 9.527732 -0.095523 0.009853
-0.107576 -293.159800 0.000082 -0.303446
95.893531 22.901862 0.099266 0.023368
-348.773607 -23.446485 -0.361056 -0.024269
-211.152799 173.200713 -0.218339 0.179132
-124.728571 149.696821 -0.128938 0.154851
234.198594 -59.204628 0.242211 -0.061472
-164.183690 104.009250 -0.169682 0.107510
91.149547 -154.694849 0.094342 -0.159967
138.149702 -232.099868 0.143122 -0.240076
-284.958554 113.485770 -0.295168 0.117163
50.274397 -331.823027 0.051843 -0.343172
371.689210 38.391796 0.385045 0.039648
-466.422471 -24.424395 -0.482925 -0.025237
-154.161106 141.856795 -0.159529 0.147145
-61.438145 72.308450 -0.063611 0.075069
310.277383 -126.689189 0.321441 -0.131084
-207.507105 93.198731 -0.215051 0.096540
316.329255 244.791704 0.327524 0.253663
168.807292 276.612617 0.174762 0.286644
139.045830 99.842590 0.144339 0.103625
367.700175 -48.252467 0.380743 -0.050130
76.642347 78.589167 0.079338 0.081166
19.480259 -88.160810 0.020143 -0.091510
-331.827610 107.052471 -0.343530 0.110568
-102.886024 119.721670 -0.106455 0.123845
86.139569 -24.084780 0.088558 -0.024501
-219.549317 -15.241212 -0.227212 -0.015356
51.766533 107.929622 0.053646 0.111719
-60.120242 -1.829020 -0.062167 -0.001885
140.264815 169.860964 0.145086 0.175128
-429.615882 -218.241166 -0.444832 -0.225613
-57.380324 94.895992 -0.059416 0.098298
-234.284997 246.784332 -0.242661 0.255679
-320.741180 -5.632484 -0.331856 -0.005522
-41.615485 -97.845046 -0.043240 -0.101250
213.646408 317.770959 0.221306 0.328943
-370.755817 -318.078645 -0.383761 -0.329113
-53.040584 45.951760 -0.054815 0.047355
-97.092413 -52.059324 -0.100705 -0.054127
-255.401250 -110.835580 -0.264446 -0.114952
-158.999163 -59.911858 -0.164614 -0.062070
260.099016 -174.792187 0.269032 -0.180795
-133.403035 134.683795 -0.138287 0.139258
-96.332238 242.333754 -0.099868 0.250905
-62.659399 -136.454946 -0.064392 -0.141422
333.819875 -215.169975 0.345512 -0.223074
-232.717918 357.328856 -0.240853 0.369978
-326.628309 -50.856596 -0.338212 -0.052743
-24.582127 111.485601 -0.025527 0.115329
74.053874 -179.107354 0.077034 -0.184929
150.011364 31.580087 0.155208 0.032612
-243.541201 276.425217 -0.252170 0.286091
68.137329 51.351318 0.070397 0.053324
206.564342 31.207831 0.214036 0.032250
-3.208970 40.547798 -0.003444 0.041911
304.211363 -13.590523 0.314944 -0.014254
-44.453437 -125.372417 -0.045633 -0.129650
-197.227490 160.404070 -0.204215 0.166193
80.993690 -178.374800 0.083489 -0.184712
-11.282574 115.600632 -0.011842 0.119711
114.628141 -166.323707 0.118439 -0.172138
259.711144 56.520890 0.268452 0.058666
-168.733903 -197.271456 -0.174289 -0.204082
137.845376 178.876352 0.142823 0.185628
-374.477838 -46.656135 -0.387819 -0.048549
229.889020 -59.415049 0.237921 -0.061574
-55.108354 -2.423355 -0.057102 -0.002456
-112.541283 -156.912916 -0.116193 -0.162605
-415.012422 -28.765438 -0.429199 -0.029390
-130.133213 179.901035 -0.134807 0.186143
-155.344192 166.492566 -0.161113 0.172641
-41.675047 -30.025647 -0.043559 -0.031055
-364.825809 -17.471839 -0.377519 -0.017870
-60.411285 101.324598 -0.062842 0.104327
56.592736 300.367075 0.058608 0.310907
-140.472441 258.637845 -0.145426 0.267800
-196.851639 255.457528 -0.203753 0.264416
35.076799 -36.822095 0.036126 -0.038043
91.420939 394.416344 0.094715 0.408332
187.779447 -166.853332 0.194503 -0.172859
78.730817 -83.592901 0.081436 -0.086949
-38.811523 -428.171807 -0.040000 -0.442994
-224.056915 261.636321 -0.231732 0.270679
-197.471407 -99.197945 -0.204702 -0.102882
156.555254 16.184185 0.162302 0.016662
-194.314124 -31.682290 -0.200751 -0.032438
56.129433 -158.579046 0.057931 -0.163755
51.173649 117.705015 0.052921 0.121693
-144.707656 -117.219625 -0.150149 -0.121787
332.590827 -318.396979 0.344382 -0.329730
-253.587540 -1.808411 -0.262143 -0.001502
304.621744 -67.177270 0.315268 -0.069419
81.063585 344.095537 0.084001 0.356280
-9.140847 88.193195 -0.009605 0.091252
-196.800655 -3.936695 -0.203805 -0.004401
182.000646 -50.794173 0.188610 -0.052251
201.839799 0.751044 0.209001 0.001110
142.129157 -94.100783 0.147277 -0.097834
114.995933 -79.211760 0.118801 -0.081880
-359.152101 33.619022 -0.371861 0.034557
96.767520 -41.959610 0.099987 -0.043404
-164.367273 -117.014905 -0.169920 -0.121306
-302.475712 94.470810 -0.313170 0.097684
-240.284996 -136.350148 -0.248441 -0.141007
517.502143 34.927192 0.535699 0.036407
122.739278 187.541151 0.126914 0.194409
-133.755233 -20.301864 -0.138739 -0.020864
105.428860 153.788580 0.109075 0.159065
161.140595 137.685492 0.166611 0.142629
185.336701 -279.416531 0.191723 -0.288891
443.962761 -352.809810 0.459591 -0.365037
64.652827 126.178302 0.066732 0.130978
54.069662 18.016883 0.055953 0.018838
91.833368 -143.700475 0.095294 -0.148758
-235.819157 355.042283 -0.243962 0.367546
-176.183511 -156.745488 -0.182415 -0.162264
-216.957981 95.840609 -0.224598 0.099274
-21.978809 201.435095 -0.022747 0.208051
-75.221939 357.624972 -0.077860 0.370198
46.839628 51.835128 0.048608 0.053654
-200.809440 -355.444144 -0.207665 -0.367725
56.804048 -81.883831 0.058816 -0.084767
-27.200271 -206.312166 -0.028001 -0.213498
-141.060621 152.946309 -0.146262 0.158269
100.822874 403.731550 0.104490 0.418265
200.560179 -177.543240 0.207719 -0.184001
8.220605 -97.942888 0.008546 -0.101388
123.006513 224.779095 0.127323 0.232539
240.767267 -60.023286 0.249368 -0.061810
-53.990032 278.217525 -0.055330 0.288021
-162.962818 12.907273 -0.168624 0.013501
20.466479 26.354278 0.020877 0.027498
-257.400915 254.114643 -0.266186 0.263082
-461.822235 211.395298 -0.477983 0.218813
55.300350 285.017309 0.057209 0.295242
389.664430 -17.321390 0.403179 -0.018096
-78.159238 -203.579135 -0.080903 -0.210577
-25.151878 -325.242237 -0.025927 -0.336621
-43.737369 11.940651 -0.045586 0.012365
151.439513 -259.513044 0.156826 -0.268680
-55.258853 -152.832536 -0.057329 -0.158215
-39.257315 239.508163 -0.040698 0.247916
127.991753 -164.710679 0.132676 -0.170631
-398.653011 -44.390677 -0.412616 -0.045996
-145.898228 362.658175 -0.151255 0.375379
-85.850996 -105.740324 -0.089036 -0.109885
162.410694 126.560274 0.168057 0.131219
159.649858 -40.100031 0.165556 -0.041528
72.444861 198.661939 0.075358 0.205486
26.652098 103.213053 0.027420 0.106685
-67.272733 290.951286 -0.069442 0.301429
28.551184 -274.290406 0.029658 -0.283891
170.811451 -107.990802 0.176408 -0.112198
-101.347202 329.089792 -0.105224 0.340537
-114.541934 -48.834056 -0.118804 -0.050685
149.114465 120.360223 0.154253 0.124530
-193.256920 117.767044 -0.199772 0.122367
-7.170169 -53.925007 -0.007480 -0.055680
459.795880 -137.075408 0.475886 -0.141923
95.560659 -27.986116 0.098917 -0.028844
-255.210150 145.197584 -0.264055 0.150235
-126.282710 295.029597 -0.130392 0.305468
284.828309 -131.883967 0.294998 -0.136632
151.290007 240.560464 0.156544 0.249164
-99.941026 158.159156 -0.103608 0.163640
-37.559389 182.557403 -0.038836 0.188683
43.872611 -85.594048 0.045527 -0.088653
355.865984 -315.178087 0.368195 -0.326299
-124.508203 -228.065361 -0.129103 -0.236002
21.498608 106.436780 0.022107 0.110249
-170.283099 47.066456 -0.175992 0.048862
234.510798 413.795004 0.242422 0.428330
-40.383921 -14.007047 -0.041813 -0.014116
103.958803 -196.128814 0.107639 -0.202932
-73.121649 -319.897205 -0.075793 -0.331449
-284.693772 -5.009198 -0.294958 -0.005111
-251.582856 -404.200432 -0.260387 -0.418338
34.626797 11.389431 0.035778 0.011787
-64.654169 17.679795 -0.067178 0.018173
178.814721 168.125708 0.185355 0.174001
72.057858 142.996650 0.074749 0.147962
-93.739193 263.339916 -0.097118 0.272496
111.373636 11.229015 0.115571 0.011445
-533.739364 -344.347439 -0.552248 -0.356264
341.150494 93.687018 0.353221 0.096826
-300.088406 411.717737 -0.310711 0.425959
113.555876 -90.024109 0.117504 -0.092975
32.927981 141.832959 0.034227 0.147095
11.981082 108.948333 0.012566 0.112727
-295.546585 -119.981906 -0.306158 -0.124231
241.480393 36.478903 0.250099 0.037471
-181.793970 -17.635898 -0.188255 -0.018738
106.366589 140.875478 0.110002 0.145927
121.957942 -151.849173 0.125871 -0.157164
-143.526526 -122.117936 -0.148471 -0.126601
-150.512743 139.879699 -0.155299 0.144517
88.268875 209.783685 0.091359 0.217059
60.983992 364.363788 0.062635 0.377262
358.439502 -613.097325 0.370787 -0.634688
-309.956991 409.179054 -0.320781 0.423608
226.132329 -121.844653 0.233877 -0.126070
-220.990254 29.999370 -0.228320 0.031148
17.333998 149.907407 0.017942 0.155420
267.093110 321.787205 0.276296 0.333253
-30.299489 15.324940 -0.031115 0.015593
-134.513799 79.848440 -0.139221 0.082469
267.531793 -151.578316 0.276931 -0.156891
-16.742548 -136.041616 -0.017305 -0.140810
115.737544 -167.415656 0.119494 -0.173153
343.841663 35.059509 0.356058 0.036568
318.454629 -165.622105 0.329884 -0.171768
36.689077 236.216032 0.038236 0.244692
-79.371251 -142.045483 -0.082013 -0.146945
43.801523 452.255329 0.045350 0.468203
-188.774140 24.833489 -0.195408 0.025752
167.545306 -76.491522 0.173532 -0.079249
-233.211059 117.109123 -0.241785 0.121162
-249.121794 -130.678166 -0.257745 -0.135118
-24.508794 -161.058721 -0.025454 -0.166984
185.458060 139.638496 0.191956 0.145043
-69.382760 205.665853 -0.071743 0.212998
-274.557800 -314.546197 -0.284325 -0.325203
-59.099515 281.335780 -0.061155 0.291309
-112.170288 -112.861482 -0.115975 -0.116977
9.624140 164.720835 0.010189 0.170209
-120.788117 471.953845 -0.125130 0.488273
-137.723492 -267.768113 -0.142910 -0.276908
-86.901882 110.025196 -0.089867 0.114240
427.964128 -86.607742 0.442437 -0.089324
8.044944 -195.659832 0.008119 -0.202712
-377.321921 430.209417 -0.390915 0.445374
-208.804363 -124.074775 -0.216016 -0.128478
302.581599 -124.080020 0.313281 -0.128670
-219.121307 -31.590532 -0.226918 -0.032456
494.317892 -130.391756 0.511381 -0.134704
-238.108773 220.629579 -0.246094 0.228146
287.075030 355.177485 0.297375 0.367799
54.861527 132.744449 0.056761 0.137699
71.024174 502.032593 0.073476 0.519862
-212.969546 189.294258 -0.220550 0.196191
-188.248196 313.349952 -0.194632 0.324425
-127.977316 -243.619540 -0.132425 -0.251933
55.028086 117.523445 0.056749 0.121691
-266.026021 -27.121567 -0.275568 -0.028002
177.476174 87.527887 0.183403 0.090681
346.369305 106.249234 0.359021 0.110308
-88.082922 -98.062711 -0.090869 -0.101598
-197.128197 85.672416 -0.204060 0.088632
151.255590 -420.692206 0.156365 -0.435284
90.453513 -165.555891 0.093489 -0.171203
36.003734 -249.926737 0.037379 -0.258443
-143.077272 -279.585190 -0.147983 -0.289603
-127.173049 266.490619 -0.131657 0.275814
528.360711 -364.995234 0.546861 -0.377795
123.198996 -392.911049 0.127777 -0.406717
-366.032918 2.078093 -0.378751 0.001953
-113.346831 -211.207929 -0.117328 -0.218634
147.871897 171.080401 0.153472 0.177014
-16.744661 -54.402681 -0.017377 -0.056208
91.571056 113.428946 0.094811 0.117180
-200.901777 107.017877 -0.207623 0.110517
37.872650 -144.925744 0.038935 -0.150021
139.167379 18.678735 0.143749 0.019355
205.477445 -41.562619 0.212791 -0.043166
147.393745 95.627139 0.152732 0.099262
147.448992 -352.761579 0.152669 -0.365468
111.765312 -110.882484 0.115625 -0.114409
49.021957 -74.410266 0.050873 -0.076647
491.262643 -196.560317 0.508805 -0.203198
-25.968409 -52.852022 -0.026851 -0.055030
138.617217 -111.719175 0.143633 -0.115931
-67.166391 129.942615 -0.069459 0.134404
156.498709 38.577076 0.161834 0.039795
102.880751 -65.861248 0.106093 -0.068107
-81.207023 133.822583 -0.083916 0.138605
-126.084721 -89.149498 -0.130629 -0.092346
391.035578 58.780339 0.404715 0.061089
155.120488 343.864782 0.160917 0.355885
-60.407148 181.781034 -0.062761 0.188158
-27.279171 111.375064 -0.028226 0.115149
256.734031 -104.306186 0.265420 -0.108195
-28.405399 27.944446 -0.029787 0.028775
84.241356 -376.569088 0.087117 -0.389879
227.401637 -14.131511 0.235276 -0.014495
339.514632 239.710738 0.351213 0.248053
283.384535 101.795617 0.293576 0.105356
-1.627878 142.467642 -0.001644 0.147468
175.702720 -112.713053 0.182027 -0.116941
-269.635644 40.099374 -0.279723 0.041652
-195.769262 -317.048903 -0.202574 -0.327905
-259.099232 411.364929 -0.267949 0.425952
-250.121128 -121.065284 -0.258980 -0.125547
-174.110976 -85.107103 -0.180750 -0.087784
341.125611 263.992200 0.353122 0.273256
37.605458 -236.244617 0.039083 -0.244649
-182.904918 -97.553867 -0.189239 -0.101271
100.237724 211.760298 0.103611 0.219359
-279.195499 -17.448842 -0.288846 -0.018178
148.988301 1.890106 0.154219 0.001939
-303.122385 -280.478700 -0.313606 -0.289733
-104.154225 506.646522 -0.107885 0.524698
39.757956 68.172457 0.041314 0.070753
-36.781411 6.056141 -0.038065 0.006368
94.911266 -252.019887 0.098676 -0.260798
3.256900 124.267679 0.003413 0.128604
-294.936362 233.614731 -0.305292 0.241533
-165.997743 -264.258010 -0.172067 -0.273396
-580.854125 104.779175 -0.601528 0.108693
395.699315 -48.498210 0.409427 -0.049766
-105.657799 -7.417351 -0.109095 -0.007710
-169.246973 75.433175 -0.175270 0.078261
-306.552739 69.010116 -0.317628 0.071535
-39.395519 221.662191 -0.040839 0.229483
-275.991571 -291.981631 -0.285566 -0.302144
162.715135 243.489936 0.168335 0.252218
-81.747822 202.920098 -0.084669 0.210440
-322.681319 192.138672 -0.333754 0.199114
1.603885 -28.533028 0.001841 -0.029662
-153.885040 -177.157430 -0.159213 -0.183386
-392.340005 313.223681 -0.406228 0.323936
176.130577 -298.184824 0.182261 -0.308570
114.503037 138.358770 0.118360 0.143338
76.732779 173.311622 0.079406 0.179054
-368.354688 2.576322 -0.381639 0.002723
-45.095322 -190.379455 -0.047064 -0.196721
-138.898855 -15.775351 -0.143645 -0.016565
-73.450770 217.247403 -0.075866 0.224991
14.448789 -99.861705 0.015007 -0.103075
7.825855 -138.735416 0.008265 -0.143378
-260.892722 -202.436310 -0.269885 -0.209773
-282.549874 -263.463651 -0.292372 -0.273131
-28.229648 33.169747 -0.029311 0.034490
10.220683 13.551566 0.010513 0.013882
156.132073 -289.003331 0.161440 -0.299009
-48.182178 53.834362 -0.049610 0.055964
-44.428523 -282.927600 -0.045987 -0.292583
-339.626325 -82.524301 -0.351363 -0.085702
-189.235892 -221.108571 -0.195743 -0.229020
-198.922218 195.385882 -0.205844 0.202425
-136.566766 -262.965659 -0.141166 -0.272191
62.246810 318.658008 0.064174 0.329955
272.607033 -169.906730 0.282456 -0.175737
-140.132525 -3.723461 -0.144725 -0.003612
171.641055 -107.433030 0.177439 -0.111076
-96.768446 -36.663218 -0.100110 -0.037894
51.142045 -220.671918 0.053253 -0.228937
55.592492 124.200469 0.057184 0.128953
-225.100084 -154.723404 -0.232846 -0.160152
293.289759 147.502373 0.303451 0.152543
-63.365198 51.154732 -0.066071 0.052742
238.154725 112.052294 0.246511 0.116104
93.976864 -260.470150 0.097150 -0.269283
100.525434 -31.974516 0.104235 -0.033046
358.690460 -47.559099 0.371016 -0.049419
39.180792 142.620440 0.040674 0.147987
-15.829452 -113.205868 -0.016507 -0.117011
161.221709 119.424446 0.166866 0.123818
-79.185377 -83.373160 -0.082011 -0.086564
54.209128 138.541297 0.056109 0.143432
-114.723012 48.938186 -0.118605 0.051100
444.990950 63.690204 0.460461 0.066129
-150.310458 282.398010 -0.155985 0.292269
48.124866 87.874087 0.049700 0.090802
161.531968 -140.223281 0.167299 -0.145013
-256.395540 -310.419659 -0.265331 -0.321369
146.326815 -215.670166 0.151331 -0.223424
-45.064522 481.330904 -0.047218 0.498228
-310.652002 493.635609 -0.321500 0.511115
164.001949 -166.147950 0.169847 -0.171942
65.339572 252.191043 0.067624 0.260872
52.457299 -36.834684 0.054294 -0.038173
69.988939 266.686360 0.072508 0.275990
-11.703066 -90.246533 -0.011765 -0.093251
1.458114 29.339485 0.001156 0.030145
-146.428350 -64.095490 -0.151327 -0.066208
53.424326 166.481627 0.055434 0.172212
64.288088 83.418085 0.066574 0.086652
-150.317478 70.377663 -0.155518 0.072664
-99.468221 227.302624 -0.102828 0.235315
114.652640 107.110416 0.118603 0.111215
-247.964874 -250.040081 -0.256610 -0.258551
55.244388 -4.475412 0.057386 -0.004514
-45.069267 505.150747 -0.047069 0.522973
-325.135491 -97.013749 -0.336409 -0.100582
-148.080387 -7.996796 -0.153620 -0.008136
-54.740773 -19.273580 -0.056695 -0.019769
108.266992 -133.914272 0.111868 -0.138449
-214.474414 187.910675 -0.222347 0.194309
339.418544 -180.884141 0.351188 -0.187116
114.388125 137.706785 0.118082 0.142634
-141.522915 -335.409197 -0.147006 -0.347701
130.458476 -334.272350 0.135104 -0.346398
146.113736 -360.948592 0.151465 -0.373294
44.241585 -339.972313 0.046110 -0.351827
344.352791 186.708212 0.355980 0.193422
374.625969 86.954081 0.387878 0.089807
97.879898 -71.679898 0.101519 -0.074230
-6.003741 252.424530 -0.005916 0.261278
275.341236 90.227082 0.284962 0.093790
169.654553 170.318016 0.175690 0.176473
201.954383 -205.666507 0.209331 -0.212917
224.271292 -22.977613 0.231898 -0.023542
103.911005 -130.831501 0.107569 -0.135465
-66.153216 -34.815953 -0.068733 -0.035750
-66.915192 103.892956 -0.069178 0.107630
-177.160659 -161.718886 -0.183536 -0.167452
-311.243236 148.054632 -0.322265 0.153090
-175.283042 -76.778005 -0.181671 -0.079288
5.755966 -7.977771 0.005661 -0.008389
-281.070221 89.569355 -0.291057 0.092499
10.829800 259.346096 0.011343 0.268173
-99.856133 -162.006952 -0.103333 -0.167589
227.979548 308.047268 0.236062 0.318713
411.973103 162.835008 0.426145 0.168484
-92.162694 332.799934 -0.095219 0.344511
6.157341 -53.626860 0.006106 -0.055607
118.818453 -271.221826 0.123167 -0.280866
-181.256127 -68.195972 -0.187486 -0.070405
26.193044 8.185829 0.027315 0.008231
121.686522 26.162117 0.125778 0.027251
202.847119 412.513523 0.210107 0.427014
183.785003 70.008566 0.189990 0.072402
3.935656 63.470092 0.003875 0.065729
298.382999 -209.762453 0.308685 -0.216884
14.941321 54.083714 0.015411 0.055979
-1.030346 -137.617902 -0.001491 -0.142058
99.649018 -367.024451 0.103501 -0.379888
-323.070781 140.361609 -0.334461 0.145324
-112.777306 311.308200 -0.116892 0.322386
61.404391 300.771857 0.063388 0.311424
-45.541697 228.069915 -0.047141 0.236209
-214.653891 51.113579 -0.222003 0.053075
-63.154800 277.359231 -0.065243 0.287149
-79.535781 297.388553 -0.082206 0.307761
57.282861 -160.433268 0.059368 -0.165937
344.998932 -322.338076 0.357461 -0.333690
310.318723 55.574436 0.321239 0.057561
-39.435998 -440.124274 -0.041097 -0.455553
10.306297 -398.350451 0.010558 -0.412200
-142.001751 272.383893 -0.146962 0.282062
-224.140274 -99.897644 -0.232231 -0.103249
-9.998233 5.798680 -0.010747 0.006181
-39.195627 -55.577979 -0.040832 -0.057584
-124.315081 456.810967 -0.128555 0.473125
184.395432 -94.168444 0.191055 -0.097626
-163.855422 -145.585080 -0.169639 -0.150417
-327.542307 27.994166 -0.338901 0.028968
-92.472778 4.246288 -0.095737 0.004387
-65.265965 25.053858 -0.067767 0.025837
157.231620 11.695276 0.162727 0.011813
-12.925635 -15.236586 -0.012973 -0.015634
118.127445 -98.757784 0.122348 -0.102235
191.336524 241.160810 0.198120 0.249647
6.082708 448.218934 0.006089 0.463936
-16.537141 -156.357878 -0.017412 -0.161692
-144.321496 155.867579 -0.149174 0.161271
-18.402759 103.786374 -0.019094 0.107284
-350.578834 -109.567070 -0.362952 -0.113563
-135.829001 -237.913414 -0.140671 -0.246243
-123.366425 289.115328 -0.127780 0.299136
-163.092199 -102.719105 -0.168818 -0.106432
296.741034 -94.145266 0.307146 -0.097297
21.583820 -130.128461 0.022529 -0.134693
-243.773889 126.517016 -0.252781 0.130980
-196.698912 -141.233840 -0.203769 -0.146460
211.466733 -135.427673 0.218902 -0.139939
-109.530449 58.320797 -0.113573 0.060398
116.369794 -20.702050 0.120011 -0.021601
-145.029052 76.238864 -0.150214 0.078566
-67.795250 176.871943 -0.069986 0.183341
-288.407224 406.138923 -0.298547 0.420518
108.725115 72.292358 0.112611 0.074457
-17.037962 -10.535897 -0.017627 -0.010798
370.798942 -124.695928 0.383783 -0.128909
121.149255 242.254782 0.125284 0.250539
-327.733390 -298.594711 -0.339060 -0.308863
-179.094684 -276.049365 -0.185565 -0.285961
351.872098 -37.166488 0.364682 -0.038439
2.833640 -80.628519 0.003168 -0.083222
10.592971 132.823944 0.011122 0.137496
208.762892 -101.208486 0.216156 -0.105014
-93.043293 272.445963 -0.096339 0.282099
-435.193086 80.492460 -0.450381 0.083512
-330.975182 -0.424262 -0.342692 -0.000407
52.687011 -368.009957 0.054231 -0.380930
-340.304325 9.319744 -0.352197 0.009616
7.469741 131.782783 0.007813 0.136148
209.884034 -53.190265 0.217143 -0.055169
-397.026567 295.001110 -0.411024 0.305703
-532.586504 11.077479 -0.551256 0.011584
-163.441628 116.591554 -0.169223 0.120752
-97.531510 -155.401611 -0.100957 -0.160856
48.761937 142.006839 0.050397 0.146785
-179.712342 -11.153537 -0.186006 -0.011589
-272.401419 123.881678 -0.281956 0.128236
305.166858 50.504525 0.315577 0.052546
180.849098 5.342412 0.187291 0.005391
-38.997758 -133.155656 -0.040247 -0.138006
-41.470620 -13.320617 -0.042696 -0.013748
15.791606 92.105737 0.016155 0.095343
-358.195699 -235.874616 -0.370861 -0.243778
-161.547976 -117.834534 -0.167422 -0.121909
-364.056898 -62.145746 -0.376834 -0.064234
-51.840422 191.504072 -0.054401 0.198642
182.739980 102.117925 0.189223 0.105635
-241.729017 356.644977 -0.249984 0.369163
85.137681 129.389826 0.088286 0.134254
16.815958 132.699568 0.017573 0.137335
15.325229 -94.382280 0.016088 -0.097840
280.406128 -28.478793 0.289860 -0.029147
-139.745674 559.398431 -0.144390 0.578880
-227.884416 147.708259 -0.236045 0.152592
34.358559 -68.654701 0.035764 -0.071106
115.799477 -47.501282 0.119883 -0.048960
-539.728303 -28.391383 -0.558665 -0.028969
41.672878 133.986077 0.043283 0.138411
141.184059 96.279294 0.146366 0.099611
-12.187932 152.169168 -0.012702 0.157527
-126.731494 -51.838506 -0.131329 -0.053692
-97.810816 521.903408 -0.101479 0.540106
-192.459051 354.842716 -0.199523 0.367149
-44.081135 -15.194078 -0.045793 -0.015596
-30.764309 -343.712273 -0.031838 -0.355603
213.218043 132.933413 0.220761 0.137575
-102.667371 113.069460 -0.106134 0.117104
312.187810 -333.975902 0.323257 -0.345746
-19.400080 86.419641 -0.020458 0.089174
-316.036542 -35.227131 -0.327191 -0.036555
29.074751 -92.029386 0.030236 -0.095081
64.787208 -14.423003 0.066891 -0.014919
236.941643 454.091953 0.244996 0.470105
23.891932 79.001987 0.025433 0.081742
-37.291193 -181.188369 -0.038717 -0.187660
-160.791611 -289.811587 -0.166640 -0.300215
-80.867948 15.965570 -0.083635 0.016603
-165.260753 -235.809262 -0.171027 -0.244269
3.384782 345.014841 0.003371 0.356981
-378.924200 -117.771584 -0.391872 -0.121604
-117.415696 -174.958714 -0.121752 -0.180808
79.566792 219.970793 0.082354 0.227536
-273.601522 -126.392159 -0.283287 -0.130864
-203.927902 193.706301 -0.211139 0.200597
-115.887076 -3.261116 -0.120264 -0.003120
-30.699125 -497.267491 -0.031898 -0.514897
62.580091 -3.786987 0.065020 -0.004221
-174.440853 223.780053 -0.180629 0.231712
-99.590949 276.605465 -0.103092 0.286334
151.574756 216.743646 0.156746 0.224179
-0.197150 47.574745 -0.000268 0.049248
-174.078007 -138.160028 -0.180454 -0.143302
213.535171 -149.174032 0.220925 -0.154452
273.567286 -143.991511 0.282768 -0.149615
-108.110765 -78.812592 -0.112010 -0.081637
-134.161724 -21.761171 -0.139503 -0.022502
-325.618750 -157.917569 -0.337113 -0.163790
-78.392143 178.273184 -0.081194 0.184628
-60.153860 191.052028 -0.062149 0.197712
318.787009 388.007373 0.330018 0.401921
-72.231829 152.854504 -0.074995 0.158261
-174.712078 -64.992867 -0.180901 -0.067463
-309.974063 140.237477 -0.320703 0.145096
-144.485260 175.860464 -0.149341 0.182243
-259.134848 71.755750 -0.267955 0.074347
72.184549 246.836902 0.074751 0.255077
70.258911 -62.934075 0.072632 -0.065487
164.794182 15.224851 0.170823 0.015450
-113.255425 175.819427 -0.117119 0.182168
-99.669445 288.672677 -0.103097 0.299002
149.306664 56.401543 0.154598 0.058309
37.788635 60.976971 0.039201 0.063236
-188.052499 -314.086164 -0.194826 -0.325134
153.847260 4.024498 0.159038 0.004695
-477.898631 -39.428433 -0.494680 -0.040888
155.326691 -122.247674 0.160602 -0.126639
-320.828433 369.370474 -0.332004 0.382467
-96.983923 -77.586785 -0.100863 -0.080401
285.100243 -104.073600 0.295240 -0.107604
315.526441 -168.963560 0.326759 -0.174810
-285.848041 -150.118629 -0.296107 -0.155058
-53.499459 270.566850 -0.055595 0.279981
-107.771170 110.292488 -0.111458 0.114297
-308.356556 -43.000186 -0.318944 -0.044232
-517.567808 232.926398 -0.535738 0.240930
130.600313 -159.398916 0.135113 -0.165022
-124.982911 337.358213 -0.129762 0.349016
-69.701422 64.726937 -0.072376 0.066617
-131.791174 54.047806 -0.136632 0.056105
-393.316540 -254.403177 -0.407114 -0.263743
-100.920335 -129.169416 -0.104598 -0.133464
-321.003942 -39.022668 -0.332216 -0.040570
197.667625 81.177969 0.204614 0.084212
53.367627 157.752990 0.055020 0.163362
123.379010 -153.609207 0.127590 -0.158744
96.453127 -330.361688 0.099993 -0.342302
156.328120 -372.880453 0.161910 -0.386123
78.272360 164.361765 0.081336 0.170241
-26.068669 143.564729 -0.026438 0.148724
161.602294 21.887349 0.167360 0.022536
234.565590 311.273479 0.242899 0.322398
-64.874835 153.955610 -0.067224 0.159335
-59.921119 28.847858 -0.062239 0.030404
133.136909 48.608805 0.137802 0.050463
-143.155757 3.853362 -0.148017 0.004095
212.236682 -25.622770 0.220088 -0.026317
136.297393 -381.134457 0.141253 -0.394371
93.646068 101.146851 0.096841 0.104831
-129.938278 -252.906164 -0.134277 -0.261511
351.922894 149.994486 0.364904 0.155053
-129.386448 -304.322445 -0.133868 -0.314995
-522.889314 36.837764 -0.541092 0.038346
208.565834 212.068844 0.215821 0.219461
1.656745 -78.354201 0.001638 -0.081496
-14.623785 -58.477873 -0.015336 -0.060311
-6.123186 83.825088 -0.006111 0.086906
-164.567836 290.384444 -0.170135 0.300509
-153.063013 290.866703 -0.158271 0.301245
-36.496478 38.407667 -0.037878 0.040085
-26.050585 352.119393 -0.026920 0.364572
-0.350571 196.124953 -0.000531 0.203110
-520.318829 18.880938 -0.538881 0.019425
-158.335976 91.395620 -0.163796 0.094743
-201.574118 -223.693383 -0.208954 -0.231524
102.193059 191.674947 0.105885 0.198561
-4.146828 -168.485976 -0.003959 -0.174197
72.637690 63.310680 0.075226 0.065368
152.885146 37.052098 0.158408 0.038754
-23.522658 -150.209974 -0.024660 -0.155521
22.731967 -12.066854 0.023514 -0.012675
-251.786241 -35.566968 -0.260738 -0.036925
289.444750 -43.056777 0.299632 -0.044147
233.970598 -88.812524 0.242039 -0.091989
-80.151899 152.076789 -0.082913 0.157027
228.111306 -41.781336 0.236097 -0.043116
-308.170384 -185.963741 -0.319134 -0.192710
159.174307 94.074378 0.165071 0.097462
203.580911 -28.290475 0.210470 -0.029114
-33.671480 -101.988542 -0.034586 -0.104995
-5.241824 63.108778 -0.005671 0.065421
224.852353 261.420095 0.232924 0.270514
-30.493444 232.244817 -0.031788 0.240380
-164.193217 180.470805 -0.170365 0.186911
-70.961558 14.349641 -0.073603 0.015156
372.625408 109.639602 0.385752 0.113052
277.142257 -108.971801 0.286976 -0.112796
-47.704920 168.770662 -0.049968 0.175007
198.899569 233.923895 0.205873 0.242343
-14.284013 -409.482169 -0.014671 -0.423651
156.356767 -211.496824 0.161639 -0.219241
139.515935 -36.765074 0.144399 -0.037970
47.628612 -24.189675 0.048851 -0.024986
-185.702986 362.242151 -0.192245 0.375267
103.256650 -208.552959 0.107119 -0.216079
107.619813 -561.593330 0.111151 -0.581229
-65.225641 141.628935 -0.067799 0.146595
-32.662077 80.907843 -0.034110 0.083491
122.859064 456.926640 0.127186 0.472941
-285.509038 58.373869 -0.295605 0.060351
-21.950203 -86.384572 -0.022860 -0.089438
188.836582 -450.145873 0.195689 -0.466361
259.947230 183.753730 0.268888 0.190022
124.754645 62.125237 0.128847 0.064054
31.853640 350.986495 0.033317 0.363272
-81.705521 83.813175 -0.084313 0.086953
-33.371938 117.246832 -0.034680 0.121331
109.251353 -190.990941 0.113125 -0.197686
-118.541983 -125.990421 -0.122533 -0.130393
-1.103870 483.106270 -0.001211 0.500372
240.322578 93.762089 0.248295 0.097397
-58.899056 -63.245322 -0.061178 -0.065666
134.973375 399.079802 0.139630 0.413329
-57.942324 39.424219 -0.060033 0.040911
171.858804 79.755281 0.177927 0.082439
290.438974 6.018621 0.300788 0.006308
240.619359 -7.434705 0.248768 -0.008112
-21.939865 26.204955 -0.022871 0.027078
287.613739 -4.171736 0.297600 -0.004201
-112.998198 -222.530452 -0.117045 -0.230051
-30.665090 85.296082 -0.031880 0.088330
-18.481522 -9.535716 -0.019122 -0.009448
443.398645 36.466761 0.458718 0.038081
-77.404522 48.961157 -0.079692 0.050719
-1.624189 -48.888310 -0.001574 -0.050664
216.895939 -226.564540 0.225058 -0.234516
166.326846 142.385209 0.172203 0.147496
273.392310 -344.974409 0.283120 -0.356825
84.594711 -89.216483 0.087781 -0.092254
-326.901087 -309.232547 -0.338404 -0.320073
-127.877745 285.419631 -0.132280 0.295556
72.163006 111.050259 0.074772 0.114923
-232.821637 80.849244 -0.240801 0.083543
-288.483457 52.776114 -0.298628 0.054869
-115.897449 300.643451 -0.119711 0.311154
-135.836048 -34.656567 -0.140244 -0.035683
-89.202975 -270.565960 -0.092540 -0.279786
307.226569 31.986189 0.317828 0.033105
-283.112545 -16.397449 -0.292726 -0.017203
369.893434 94.526213 0.382858 0.097520
51.443311 40.578601 0.053373 0.041902
-78.084044 -81.401960 -0.080401 -0.084412
-52.420415 -7.664189 -0.054350 -0.007893
19.814305 98.046446 0.020300 0.101617
-107.406744 -213.962327 -0.111044 -0.221557
-328.014338 258.078100 -0.339366 0.267024
-267.918134 346.482741 -0.277399 0.358501
-76.537247 168.156971 -0.079138 0.173892
414.971608 255.966948 0.429761 0.265112
-1.586593 175.649364 -0.001388 0.182144
162.815152 -317.514407 0.168579 -0.328584
70.794067 -40.328659 0.073434 -0.041960
34.614507 -156.881644 0.036034 -0.162664
46.208568 -131.582523 0.047866 -0.136296
365.438693 -133.253320 0.378525 -0.138042
-25.915250 -102.905363 -0.027103 -0.106446
-54.890221 16.208833 -0.056977 0.017132
-35.411127 170.508322 -0.036734 0.176281
-60.475245 -75.420344 -0.062558 -0.078047
125.454008 -2.924292 0.130024 -0.003256
-420.007923 306.668233 -0.434751 0.317244
-282.806609 -194.305470 -0.292795 -0.201097
-63.639386 220.742384 -0.065789 0.228852
-231.917252 119.359233 -0.239837 0.123688
406.521748 -84.637238 0.421113 -0.087525
-240.749348 71.530305 -0.248858 0.074083
52.027266 -25.842796 0.053806 -0.026426
-467.401223 42.911163 -0.483814 0.044413
-80.192274 -82.535561 -0.083271 -0.085282
-41.581981 -471.020077 -0.042911 -0.487580
-314.552438 -43.901922 -0.325796 -0.045400
339.839506 -234.723402 0.351757 -0.242995
-31.105864 -12.659015 -0.031812 -0.013055
-51.137590 274.418032 -0.053317 0.283989
154.603759 78.906135 0.159781 0.081719
488.939847 -20.219781 0.506405 -0.020648
394.014955 -13.220474 0.407856 -0.013447
-116.245613 292.798167 -0.120128 0.303108
242.086139 173.746626 0.250534 0.179647
41.763550 -103.341078 0.043152 -0.107025
-21.072983 53.553912 -0.021785 0.055707
0.681204 108.879110 0.000404 0.112644
-151.136801 118.805281 -0.156340 0.122855
-191.571145 -147.457628 -0.198465 -0.152454
-439.027082 0.683793 -0.454440 0.000578
86.725809 144.624777 0.089603 0.149858
85.073942 -176.114950 0.088097 -0.182032
-200.113214 206.441799 -0.207223 0.213391
-353.663442 -137.248078 -0.365960 -0.142012
-16.066014 94.631300 -0.016738 0.097643
-13.981517 -124.396348 -0.014569 -0.129157
-159.496632 121.007031 -0.164821 0.125546
-96.317464 -443.085918 -0.099947 -0.458679
-84.876011 299.442015 -0.087735 0.309769
113.851313 -129.849776 0.117809 -0.134554
227.857002 -90.449046 0.235564 -0.093143
13.071091 37.341044 0.013077 0.039063
240.521386 -222.154608 0.248801 -0.229878
74.297000 38.951246 0.077125 0.040314
-23.133330 -95.539952 -0.023998 -0.098854
39.908047 98.281820 0.041172 0.101714
356.366930 -114.677429 0.368668 -0.118694
-248.442576 -134.668078 -0.257338 -0.139350
124.343186 -114.614829 0.128446 -0.118474
41.648851 -264.951541 0.042922 -0.274205
-275.830441 -31.135802 -0.285124 -0.032390
48.320831 101.178564 0.050365 0.104903
-127.303692 419.719026 -0.131851 0.434042
-160.382771 -462.321623 -0.166075 -0.479035
68.070131 80.702847 0.070264 0.083796
-254.256258 49.271848 -0.263298 0.051303
-103.185165 -77.806760 -0.106544 -0.080366
167.633673 -0.958012 0.173772 -0.001080
-279.449241 71.788780 -0.289221 0.074351
2.720925 35.539413 0.002933 0.036864
-45.407991 -66.376305 -0.046875 -0.068612
-98.304141 -296.948856 -0.101891 -0.307684
19.026406 37.963215 0.019824 0.039185
-106.755840 331.816184 -0.110842 0.343600
60.683704 162.049496 0.062935 0.167859
99.621417 222.778008 0.103236 0.230684
-106.973568 -146.822050 -0.111295 -0.151977
164.139070 272.172684 0.170062 0.282041
176.784329 101.139938 0.183215 0.104504
-247.627635 -76.481934 -0.256598 -0.079175
309.197415 52.554798 0.319974 0.054796
240.108693 -72.258741 0.248388 -0.074670
-222.571876 -105.781684 -0.230473 -0.109467
-64.333006 -17.302057 -0.066473 -0.017920
307.607740 -69.910416 0.318355 -0.072195
-31.907072 57.385987 -0.032954 0.059618
-31.630023 187.890584 -0.032639 0.194420
-523.399183 -45.589262 -0.541816 -0.047422
10.031183 216.867262 0.010701 0.224744
14.752730 273.622196 0.015160 0.283381
86.181658 -214.971070 0.089453 -0.222584
326.428731 -61.744780 0.337618 -0.064361
-15.549242 186.299491 -0.016186 0.193037
-34.079079 71.141936 -0.035337 0.073974
396.014980 95.508068 0.409941 0.098903
-56.801644 359.025278 -0.058878 0.371340
112.191719 147.648566 0.116203 0.152438
-211.112182 112.844382 -0.218401 0.117070
72.065839 77.732414 0.074774 0.080490
-24.290544 -56.296714 -0.025340 -0.058197
316.488278 -81.046201 0.328082 -0.084061
150.998788 -112.897705 0.156374 -0.116764
252.783564 110.506550 0.262018 0.114741
-36.028153 -112.455514 -0.037615 -0.116143
-14.950582 49.623340 -0.015405 0.051485
-165.030759 46.161066 -0.170765 0.047706
318.899847 -229.577561 0.330038 -0.238060
-169.807753 -105.386593 -0.175876 -0.109415
-133.259703 258.827202 -0.137907 0.268206
78.479781 1.805874 0.081065 0.001534
121.455612 82.069302 0.125886 0.084830
-16.557001 -333.264161 -0.017212 -0.345108
199.043676 -214.118457 0.205929 -0.221741
-174.229932 81.278867 -0.180372 0.084493
-90.932880 152.506238 -0.094329 0.157672
-375.332629 -229.590431 -0.388277 -0.237326
10.473051 13.511336 0.011306 0.013837
191.974792 -81.903651 0.198275 -0.085034
378.795768 165.160765 0.392410 0.170802
227.495199 23.735749 0.235470 0.024736
-20.352397 302.074887 -0.021330 0.312723
-240.502154 59.130635 -0.248921 0.061574
61.227374 169.093473 0.063218 0.175126
-132.808348 508.033526 -0.137647 0.525900
-3.687250 -90.121395 -0.004121 -0.093727
51.520370 -66.330654 0.053416 -0.068586
107.360963 113.514808 0.111464 0.117072
-77.477765 137.647809 -0.080310 0.142676
52.330473 112.983924 0.054547 0.116948
75.498153 -58.953873 0.078313 -0.061271
33.431884 255.926063 0.034315 0.264915
54.606521 36.714140 0.056711 0.038279
88.592800 77.861624 0.092133 0.080804
-114.661602 299.794575 -0.118800 0.310543
-219.652044 -56.582861 -0.227162 -0.058437
403.483169 225.873417 0.417776 0.234109
148.450130 -36.765134 0.154026 -0.038058
-80.552857 239.582419 -0.083314 0.248200
150.561923 103.595302 0.155539 0.107512
-16.990531 370.102414 -0.017726 0.383058
-42.428255 -190.064324 -0.043935 -0.196659
