1382 968 2920 0.86
-63.165253 4.695703 -0.064254 0.004974
297.842673 -145.795424 0.303010 -0.148098
105.405214 -203.904689 0.107383 -0.207358
11.475850 -64.124270 0.011679 -0.065336
-164.889945 11.217190 -0.168109 0.011211
-255.234697 324.514793 -0.259611 0.330199
171.761717 58.499276 0.174327 0.059924
231.266598 -123.253603 0.234970 -0.125519
-266.401006 -36.720920 -0.271052 -0.037258
-81.895775 -63.780665 -0.083140 -0.065065
87.856321 14.581213 0.089103 0.014705
-103.089621 21.780954 -0.104832 0.022354
-242.786937 -302.399339 -0.246976 -0.307781
5.993281 28.905467 0.006243 0.029291
259.822664 209.827080 0.264679 0.213153
269.146904 -474.566816 0.274031 -0.482684
293.531767 72.826808 0.298401 0.074403
68.219903 50.935893 0.069434 0.051697
-42.047876 29.688964 -0.042828 0.030240
-79.009224 34.333910 -0.080638 0.035009
174.903231 203.349809 0.177787 0.206907
10.765054 -12.745766 0.010876 -0.013108
36.498960 -385.349396 0.037083 -0.391978
131.484588 241.904156 0.133912 0.246101
-25.981883 235.405056 -0.026220 0.239428
-215.875639 73.632737 -0.219405 0.075042
-125.569101 45.137106 -0.127696 0.045874
109.896495 52.713005 0.111989 0.053287
212.733149 -116.986081 0.216391 -0.119379
10.516880 235.604662 0.010487 0.239827
196.060767 -162.431514 0.199230 -0.165376
80.641820 586.861933 0.081646 0.596652
-123.416539 128.755688 -0.125471 0.131076
15.446285 -262.586537 0.015285 -0.267019
-32.523267 349.858995 -0.032982 0.356022
-140.811463 445.678316 -0.143070 0.453377
78.066157 -159.558938 0.079610 -0.162487
-101.339815 -90.120499 -0.103179 -0.092182
350.074248 11.918073 0.356203 0.012199
-16.613737 -37.013859 -0.016848 -0.037565
-142.678303 -291.878633 -0.144746 -0.296972
-149.400203 199.659258 -0.152081 0.202687
137.121284 57.160067 0.139598 0.058315
287.436945 77.925325 0.292384 0.079263
268.700352 -85.490072 0.273102 -0.086741
-109.085765 206.801029 -0.110971 0.210563
-95.857161 124.536814 -0.097459 0.126517
155.557858 269.509435 0.158044 0.274370
127.553571 -40.894536 0.129718 -0.041582
230.149066 -65.427057 0.234360 -0.066818
19.433388 122.175298 0.019571 0.124063
-26.765942 -274.480846 -0.027330 -0.278871
-298.129024 -26.425748 -0.303235 -0.027100
-170.732436 -14.585467 -0.173589 -0.014857
-113.372623 142.931377 -0.115135 0.145450
283.183333 -337.471376 0.287781 -0.343227
276.594270 172.016300 0.281283 0.174823
56.053769 -125.891386 0.056787 -0.127737
69.979433 126.299979 0.070607 0.128557
98.883733 -117.622013 0.100251 -0.119723
-71.628400 127.046805 -0.072747 0.129304
-21.676974 86.563365 -0.022187 0.088463
-448.110966 163.833401 -0.456090 0.166377
145.419206 64.892675 0.148007 0.065642
-542.980430 -76.798577 -0.552277 -0.078559
75.874776 302.127642 0.077419 0.307221
89.223058 145.912398 0.090824 0.148350
107.103156 218.861279 0.108976 0.222399
-417.636281 -127.634180 -0.424192 -0.129712
137.066247 -138.734290 0.139473 -0.141362
-263.725662 165.959949 -0.268539 0.168719
313.644340 402.857337 0.319043 0.409789
39.868523 -103.866144 0.040234 -0.105699
-126.137930 77.254199 -0.128229 0.078562
-232.017720 -209.290553 -0.235953 -0.212626
-194.783021 399.804316 -0.197872 0.406362
-957.344593 180.390055 -0.974030 0.183588
-71.845880 -251.031369 -0.072908 -0.255319
-3.620596 -261.940165 -0.003405 -0.266351
46.315937 -178.634955 0.046984 -0.181613
-417.851600 237.616195 -0.425079 0.241519
-261.407862 159.488520 -0.265862 0.162034
224.105306 190.325853 0.227882 0.193360
36.393770 398.936032 0.037001 0.405975
-405.636934 -378.880402 -0.412735 -0.385396
20.885626 -148.922674 0.021205 -0.151153
-10.757729 180.707539 -0.011064 0.184137
-48.885858 233.160777 -0.049578 0.237269
60.785341 -171.960532 0.062011 -0.174487
348.987147 86.687436 0.354903 0.088077
356.456185 -183.062295 0.363004 -0.186407
-270.894182 -476.274058 -0.275705 -0.484442
185.639687 29.223246 0.188665 0.029826
122.868245 102.023836 0.124918 0.103893
-83.230859 338.553014 -0.084527 0.344495
-162.592162 159.432972 -0.165335 0.162389
178.751997 139.768526 0.181770 0.142246
139.993461 55.584184 0.142154 0.056753
-92.633276 18.056347 -0.094661 0.018553
-468.565346 -164.088714 -0.476757 -0.167195
86.645929 -326.595420 0.088132 -0.331904
287.846380 -39.638400 0.292791 -0.040629
-323.788025 -61.789241 -0.329017 -0.062911
61.879483 12.057541 0.062681 0.012268
-279.539007 -141.853696 -0.284566 -0.144246
-194.125702 61.845376 -0.197423 0.062633
34.079933 -117.715028 0.034371 -0.119772
-210.992881 -119.023231 -0.214650 -0.121038
61.510066 118.933497 0.062479 0.121056
-193.726693 -61.751577 -0.196494 -0.062723
-174.995155 525.073038 -0.178272 0.533992
262.712345 -79.889581 0.267366 -0.081344
-162.900978 -118.181256 -0.166001 -0.120067
-396.528731 17.806833 -0.403506 0.017765
309.040321 -6.519441 0.314467 -0.006524
38.650149 387.739689 0.039036 0.394659
2.272274 188.170859 0.002428 0.191489
149.105709 159.191806 0.151501 0.161855
-367.235450 338.834447 -0.373261 0.344476
-108.819003 242.279109 -0.110782 0.246772
151.905448 12.770349 0.154711 0.012841
-17.737081 -26.075895 -0.018108 -0.026675
255.006151 -331.372047 0.259612 -0.337078
138.443703 -302.090644 0.140782 -0.307646
-285.885110 381.390150 -0.290422 0.387981
-424.497713 56.360764 -0.431805 0.057539
-19.875186 435.410409 -0.020125 0.442516
18.050024 -4.027230 0.019048 -0.004006
-156.291404 -61.505089 -0.158856 -0.062147
150.314408 -43.655253 0.153025 -0.044397
-7.999331 -23.896268 -0.008153 -0.024544
62.901989 496.721683 0.063765 0.505443
-167.563911 -46.057660 -0.170429 -0.046917
-177.414783 139.988013 -0.180678 0.141986
-13.968103 36.513038 -0.014195 0.037267
337.469950 121.927437 0.343039 0.124238
224.148480 201.419195 0.228095 0.204504
321.034429 369.485380 0.326609 0.375439
-82.633954 28.326462 -0.083807 0.028436
-84.637101 -133.895753 -0.085961 -0.136270
39.712818 -51.079782 0.040510 -0.051933
182.774993 -38.579731 0.185991 -0.039459
-84.712023 -81.361044 -0.086467 -0.083056
41.447601 -256.990348 0.042228 -0.261460
-19.821532 -197.685715 -0.020223 -0.201525
143.385889 287.621938 0.145714 0.292314
-131.212880 -21.576996 -0.133372 -0.022065
1.630558 211.244332 0.001983 0.215084
-176.952099 -467.617429 -0.179963 -0.475998
32.738715 -114.783687 0.033582 -0.116587
-88.719739 55.061536 -0.090205 0.055709
-114.476753 84.350013 -0.116528 0.085943
54.403238 23.682265 0.055093 0.024038
-16.618422 243.138292 -0.017082 0.247268
30.697803 67.729637 0.031341 0.069225
241.403230 229.252857 0.245599 0.233455
-280.575458 -203.179968 -0.285199 -0.206506
-64.205826 -110.548768 -0.065163 -0.112597
53.055816 -262.574571 0.053959 -0.267048
412.991505 210.207568 0.420678 0.214067
48.239269 92.613626 0.049303 0.094145
139.995844 -172.762402 0.142196 -0.175842
-552.660911 -173.650409 -0.562166 -0.176602
-174.265694 -60.523986 -0.177342 -0.061196
251.670621 481.131884 0.256246 0.489917
-47.447300 120.692153 -0.048223 0.122549
80.612516 96.326436 0.081999 0.098177
-152.872724 -210.707417 -0.155429 -0.214427
-228.358152 -196.803795 -0.232113 -0.200015
-78.339758 -84.483571 -0.079955 -0.085649
-111.048116 -147.620024 -0.113179 -0.149933
-73.504868 113.872974 -0.074689 0.115697
49.102374 15.343282 0.050096 0.015625
78.108642 131.672249 0.079166 0.133940
-68.101157 75.201674 -0.068838 0.076020
-81.966018 45.414055 -0.083621 0.046389
248.262212 227.543323 0.252408 0.231458
-225.745317 -187.205482 -0.229957 -0.190263
-51.812723 -8.871303 -0.052263 -0.009249
-148.385485 -16.730686 -0.151000 -0.017309
104.879829 121.246916 0.106778 0.123624
213.264666 81.091362 0.216941 0.082697
151.163094 -228.065000 0.153912 -0.231831
105.268561 30.656393 0.106824 0.031047
59.370288 -478.668846 0.060374 -0.487085
-234.608153 74.530963 -0.238501 0.075777
303.601329 -447.647046 0.309106 -0.454902
-39.484634 203.384194 -0.040125 0.207333
-286.937104 207.403392 -0.291695 0.211176
355.206238 203.982266 0.361330 0.207668
-33.584838 -29.395587 -0.033981 -0.030354
-255.814784 50.974676 -0.259713 0.052026
-53.162348 442.134476 -0.053905 0.449737
-376.914856 -434.118237 -0.383211 -0.441438
214.524754 -55.327599 0.217962 -0.056148
143.885972 -153.074614 0.146334 -0.156009
352.524781 398.321937 0.358763 0.405217
166.277316 -43.089415 0.169595 -0.043942
-136.433412 65.346045 -0.139003 0.066407
159.560774 13.923767 0.162011 0.014216
68.129867 165.494213 0.068885 0.168008
304.827445 64.794443 0.310153 0.066233
6.913863 -35.954552 0.007159 -0.036617
148.843692 -278.391739 0.151295 -0.283060
-96.112612 -97.950893 -0.097875 -0.099896
93.767255 321.453081 0.095567 0.327050
-7.667270 -202.125752 -0.007613 -0.205614
43.126340 -167.717657 0.044047 -0.170552
83.624054 -48.259612 0.085329 -0.048966
-145.047777 138.791169 -0.147592 0.140735
165.984313 173.158823 0.169117 0.176307
-20.594838 -199.605627 -0.020614 -0.203066
-189.664039 171.859135 -0.192961 0.175107
-327.011055 -202.985315 -0.333091 -0.206507
49.180113 50.473241 0.050155 0.051408
6.327754 174.093311 0.006520 0.177193
75.240855 178.507765 0.076677 0.181535
42.451562 -144.675827 0.043338 -0.147054
76.676881 -79.681278 0.078032 -0.080933
52.652981 14.907685 0.053724 0.015269
134.203381 295.986353 0.136488 0.301424
-255.009422 73.228699 -0.259218 0.074298
158.381458 423.610135 0.160665 0.431035
15.125225 320.412505 0.015463 0.326006
40.274329 331.443061 0.041182 0.337542
170.375084 94.857441 0.173347 0.096351
231.606532 -40.991957 0.235615 -0.041580
172.298639 57.815907 0.175370 0.058696
234.314102 119.058696 0.238234 0.121328
-5.650143 -161.775810 -0.005655 -0.164531
-263.840615 -45.843257 -0.268472 -0.047088
-19.842804 134.450120 -0.019946 0.136845
-36.837586 158.762151 -0.037261 0.161520
258.622306 -53.428166 0.262905 -0.054476
113.445936 173.877112 0.115657 0.176863
-501.644324 202.172155 -0.510360 0.205735
-19.650827 93.456818 -0.020057 0.095102
142.850778 -82.023123 0.145563 -0.083410
27.268013 -71.286738 0.027577 -0.072009
-118.840505 187.176125 -0.120597 0.190265
94.641290 -52.023273 0.096328 -0.053332
89.052578 -51.718583 0.090333 -0.052720
-228.945950 -19.586256 -0.232723 -0.020317
-8.152840 -99.156163 -0.008429 -0.100659
-485.359737 452.539057 -0.493484 0.460539
-350.072954 272.250128 -0.356255 0.276806
-53.545650 -97.716258 -0.054432 -0.099439
194.062026 -11.019315 0.197138 -0.011187
304.853237 316.358358 0.310703 0.321660
-50.460232 375.773787 -0.051642 0.382583
-24.406119 62.794461 -0.024513 0.063894
118.367254 163.929867 0.120295 0.166641
-253.101818 -35.415270 -0.257583 -0.035961
-12.056606 -305.389225 -0.012448 -0.310685
219.382392 177.445458 0.223042 0.180286
-89.162557 240.742718 -0.090734 0.244981
-311.028806 70.287469 -0.316301 0.071387
-130.431157 205.098530 -0.132603 0.208907
133.984823 -166.599705 0.136435 -0.169418
35.814567 404.892699 0.036429 0.411760
-296.871185 -95.236982 -0.302198 -0.096826
74.864355 108.303487 0.076206 0.110139
222.005802 -192.083046 0.225793 -0.195586
-364.447340 170.412013 -0.370899 0.173817
-206.529827 -137.660967 -0.210274 -0.140023
-93.462894 78.277627 -0.095030 0.079824
352.756619 18.305643 0.358874 0.018407
54.556999 16.233357 0.055845 0.016762
250.838979 188.026710 0.255115 0.191399
137.507169 -82.431824 0.139730 -0.083980
-169.313532 356.572155 -0.172064 0.362847
-17.753140 -102.442230 -0.018155 -0.104079
-12.515723 -76.903727 -0.012585 -0.078475
149.011033 -93.879114 0.151889 -0.095343
165.357023 162.358896 0.168067 0.165153
224.731809 -627.173137 0.228509 -0.638056
275.539502 232.765899 0.279996 0.236987
-115.869625 -100.257389 -0.117888 -0.102071
6.782112 -206.271223 0.006696 -0.210269
485.446011 126.867117 0.493884 0.129401
364.854924 186.900335 0.371422 0.189846
80.825472 -100.066102 0.082443 -0.101764
-175.930893 -209.106613 -0.178978 -0.212644
-121.280034 -228.012414 -0.123584 -0.232031
-131.990437 -104.995389 -0.133615 -0.106966
30.824664 10.789115 0.031353 0.010623
-83.300593 198.066206 -0.084734 0.201342
137.401468 130.578990 0.139975 0.132808
-176.575395 -63.511936 -0.179177 -0.064487
219.842329 -65.742948 0.224226 -0.066649
-40.410330 -24.136780 -0.041172 -0.024773
-313.925921 -248.296338 -0.319030 -0.252178
-36.778270 -197.229845 -0.037464 -0.200924
232.918260 -57.725352 0.237095 -0.058792
-296.202029 -116.047726 -0.301295 -0.118054
192.367629 9.578203 0.195475 0.009883
-94.498261 275.786492 -0.095942 0.280550
-155.732621 238.247636 -0.158620 0.242510
48.209949 20.099645 0.049119 0.020475
200.895404 -126.956186 0.204307 -0.129203
-215.682610 -30.727999 -0.219470 -0.031015
6.897794 201.397277 0.007290 0.204491
-24.580823 101.581185 -0.024934 0.103054
-303.281811 325.427280 -0.308620 0.331108
55.674622 224.163967 0.056636 0.228154
112.998901 158.052622 0.115047 0.160732
328.061172 -255.492608 0.333929 -0.259747
-180.673619 155.741483 -0.183918 0.158018
-161.952747 12.649961 -0.165089 0.012905
-53.202868 -346.697365 -0.054180 -0.352683
-235.084303 185.039199 -0.239044 0.188495
-286.871576 29.538451 -0.291947 0.029938
-189.702135 200.648030 -0.193237 0.204251
-57.017067 -78.824821 -0.057801 -0.080044
257.893642 -204.136959 0.262699 -0.207861
-115.437088 -152.773983 -0.117567 -0.155305
48.185718 -68.162701 0.048897 -0.069264
352.639745 217.538843 0.358563 0.221047
537.838824 -144.966335 0.546917 -0.147734
-13.864154 105.346339 -0.014275 0.107245
20.161860 261.325725 0.020487 0.266019
-167.000999 -224.384771 -0.169741 -0.228174
189.707368 22.101841 0.193115 0.022642
-11.993586 -89.515366 -0.012264 -0.090531
8.993565 -164.474393 0.009303 -0.167799
23.436183 133.234467 0.023654 0.135360
49.298941 -51.608797 0.050173 -0.052975
453.108992 130.248330 0.461079 0.132444
-80.802179 -276.881874 -0.082149 -0.282001
-95.993192 54.236131 -0.097376 0.055487
-265.672449 -136.144559 -0.270391 -0.138560
44.341523 58.152353 0.044896 0.058960
162.027529 135.687357 0.164931 0.138321
123.232884 -302.372934 0.125629 -0.307373
553.042521 387.865762 0.562428 0.394551
182.962772 -149.130688 0.186094 -0.151857
273.130504 -233.472134 0.277815 -0.237739
-102.362780 11.612866 -0.104370 0.011295
77.093043 275.015948 0.078245 0.279604
-134.742177 119.081203 -0.137008 0.120960
127.313285 44.391922 0.129656 0.045125
-6.176844 -199.231789 -0.005991 -0.202846
1.909995 223.078910 0.002289 0.226844
-150.411107 -79.906687 -0.152729 -0.081736
114.054281 58.502602 0.116018 0.059461
-80.106089 60.770658 -0.081695 0.061786
-110.899423 -273.138074 -0.112746 -0.277805
-119.088903 -218.063454 -0.121398 -0.221770
88.877221 -251.679617 0.090176 -0.255765
148.472163 145.485328 0.150882 0.148258
247.935724 -97.406627 0.252249 -0.098955
-124.099418 -85.481121 -0.126133 -0.086924
-99.435289 294.183854 -0.101081 0.299529
-56.962709 -14.129314 -0.058105 -0.014495
-227.577853 41.100052 -0.231116 0.041609
214.252707 4.506934 0.217860 0.004770
-13.478343 -91.760618 -0.013735 -0.093266
3.646888 -103.435860 0.003573 -0.105327
-159.771765 -90.591673 -0.162660 -0.092225
-146.931977 -0.889371 -0.149561 -0.000923
166.152092 293.186110 0.169159 0.298468
10.987314 24.639896 0.010809 0.024992
120.416075 60.223321 0.122652 0.061060
-44.985932 -17.102944 -0.045872 -0.017598
4.265763 -344.352671 0.004281 -0.350330
37.402281 13.033960 0.037896 0.013199
199.554498 17.002138 0.202706 0.016969
-28.910053 142.125874 -0.029436 0.144274
62.296070 427.613256 0.063361 0.434962
-118.096738 135.221312 -0.120416 0.137573
-211.903655 -102.005481 -0.215302 -0.103930
-214.013907 -41.071462 -0.217885 -0.041439
-364.327253 5.936372 -0.370376 0.006168
221.197166 190.002465 0.224980 0.193520
215.216592 106.321820 0.218647 0.108369
76.099319 -147.036456 0.077425 -0.149679
-203.558456 -74.104792 -0.206977 -0.075174
-142.211187 -331.508079 -0.144637 -0.337375
123.289384 142.506843 0.125219 0.144822
45.603902 -74.452250 0.046709 -0.076018
211.145360 -182.718229 0.214436 -0.185708
-45.725905 -93.807484 -0.046855 -0.095469
-170.905118 -157.932912 -0.174012 -0.161002
170.421782 30.658010 0.173398 0.030819
-30.884042 -463.411272 -0.031289 -0.471226
171.707255 -346.472075 0.174688 -0.352309
75.380115 -72.166920 0.076611 -0.073356
103.327957 10.036617 0.104922 0.010165
50.289691 -47.367003 0.050809 -0.048301
-105.611222 205.833970 -0.107390 0.209606
86.777126 -310.128261 0.088388 -0.315188
105.495741 107.479949 0.107181 0.109384
14.940807 -56.902160 0.014996 -0.057864
-225.963615 31.617339 -0.230117 0.032069
147.859532 136.371497 0.150665 0.138661
231.720048 -251.623157 0.235644 -0.256056
-88.576105 16.507846 -0.090155 0.016922
210.933696 103.513802 0.214773 0.105161
-69.030309 186.188446 -0.070223 0.189367
453.566622 -51.900392 0.461453 -0.053042
-296.557910 -94.428866 -0.301693 -0.095973
-171.526858 131.641529 -0.174484 0.133957
-292.327245 -27.531704 -0.297383 -0.028135
-186.205950 -307.800903 -0.189108 -0.313095
83.506536 145.799950 0.085087 0.148436
95.349671 -11.395538 0.097138 -0.011205
1.390309 112.366098 0.001362 0.114350
-315.782282 -78.061537 -0.321088 -0.079293
-207.150021 151.919255 -0.210640 0.154605
-87.672034 -6.154915 -0.089057 -0.006341
-99.609867 31.568410 -0.101259 0.032176
129.693136 98.283404 0.132065 0.099841
158.602135 -228.043324 0.161509 -0.231814
-340.881018 -25.958540 -0.346837 -0.026489
-406.190057 161.756077 -0.413282 0.164648
266.752649 52.229435 0.271369 0.053052
-275.907397 398.477266 -0.280738 0.405350
-204.822361 295.737159 -0.208060 0.300867
-55.848877 -162.045583 -0.057010 -0.164671
387.108140 106.767394 0.393638 0.108643
-6.216887 -172.048515 -0.006137 -0.174545
135.189787 -127.045450 0.137699 -0.129611
-144.809594 -68.053543 -0.146950 -0.069291
-403.242628 -196.783931 -0.410186 -0.200187
223.039057 -260.293186 0.227385 -0.265187
-300.780899 75.794789 -0.305969 0.077270
-88.593017 -201.376497 -0.090173 -0.204933
-41.151451 -31.733407 -0.041839 -0.032169
-79.784817 -5.551206 -0.081172 -0.005638
73.256398 197.069965 0.074406 0.200710
41.417427 262.804709 0.042109 0.267484
34.663220 -289.691102 0.035318 -0.294774
-77.110436 -148.871497 -0.078223 -0.151515
-290.482244 -188.964767 -0.295371 -0.192450
-218.049352 191.575204 -0.221859 0.195215
-140.200618 -130.132780 -0.142499 -0.132362
-48.687900 208.911906 -0.049818 0.212581
261.594542 -156.132349 0.265819 -0.159024
-301.955887 359.615446 -0.307467 0.365722
179.622501 95.240574 0.182792 0.096978
-257.497062 330.813172 -0.261986 0.336649
-126.194576 242.871444 -0.128221 0.247252
-34.119152 199.820812 -0.034612 0.202961
156.575781 20.212609 0.159448 0.020536
-222.149425 -94.285376 -0.225964 -0.095875
20.169889 -100.154617 0.020118 -0.102099
-172.104214 150.687105 -0.174959 0.153012
15.455068 -172.852191 0.015313 -0.175804
55.823114 16.925239 0.056894 0.017561
64.271741 -83.165244 0.065432 -0.084532
293.675831 47.058741 0.298703 0.047974
367.379055 -86.550190 0.373714 -0.087939
-122.874034 -82.486760 -0.124937 -0.083630
-77.279442 -272.115368 -0.078610 -0.276947
347.979555 97.109246 0.353990 0.099093
68.343071 -98.147494 0.069661 -0.099642
-175.256639 -135.256248 -0.178463 -0.137591
103.127338 201.711623 0.104920 0.205192
-52.655902 17.774074 -0.053333 0.018085
-90.525306 -229.663117 -0.091923 -0.233509
20.675112 -300.895654 0.021172 -0.306134
49.639113 -114.800599 0.050394 -0.117311
-186.584320 141.773227 -0.189657 0.144403
34.740633 -120.896820 0.035537 -0.122946
146.809597 218.554041 0.149186 0.222504
267.354076 -176.404392 0.272107 -0.179622
332.489006 -305.566354 0.338062 -0.310721
-275.665415 151.985319 -0.280388 0.154796
-241.310181 48.930067 -0.245696 0.049799
-23.601011 -102.105035 -0.024036 -0.103798
-180.783568 538.110583 -0.184009 0.547260
178.121175 11.753293 0.180934 0.012051
-98.403903 345.059589 -0.100091 0.350978
-5.584288 -370.217711 -0.005490 -0.376754
244.119925 -306.096865 0.248324 -0.311457
165.528159 -243.199124 0.168522 -0.247414
75.049814 -247.123068 0.076289 -0.251621
-87.543995 -191.550477 -0.088888 -0.194794
-5.672344 25.312207 -0.005903 0.025721
-104.151705 -157.017058 -0.105775 -0.159523
414.005223 82.763147 0.421523 0.084597
61.912640 108.295678 0.063097 0.110133
-84.661110 445.404389 -0.085782 0.452583
299.507218 58.854721 0.304697 0.059959
-26.060613 -181.858279 -0.026540 -0.185338
16.310017 410.409221 0.016461 0.417540
-153.265670 68.827603 -0.155601 0.070371
73.638379 156.387768 0.075009 0.159196
-353.085338 -134.529435 -0.358744 -0.136846
322.116145 32.939068 0.327530 0.033674
-166.976449 -281.723638 -0.170013 -0.286735
-299.335730 352.708504 -0.304374 0.358584
-349.221093 -52.578679 -0.355209 -0.053743
-263.093982 0.815730 -0.267910 0.000738
59.656647 -265.518561 0.060736 -0.269855
-110.837434 36.790010 -0.112525 0.037296
50.997376 466.576752 0.051959 0.474989
-21.179592 198.364366 -0.021419 0.201686
202.257189 -214.310264 0.205807 -0.218201
61.931094 123.072003 0.063029 0.125254
177.692339 48.147832 0.180533 0.048823
-143.574711 -16.022921 -0.145809 -0.016112
-85.472072 303.541724 -0.086862 0.308848
-529.057238 82.273544 -0.538013 0.083749
282.537847 -14.934177 0.287675 -0.015023
19.871003 143.033393 0.019870 0.145734
106.625568 -48.874727 0.108708 -0.049667
-112.540730 8.386364 -0.114369 0.008189
-27.038293 -550.870734 -0.027640 -0.560736
-218.899791 -206.852706 -0.222671 -0.210421
55.690313 51.283127 0.056146 0.052057
-209.869937 -4.116867 -0.213302 -0.004315
-37.189537 -208.854594 -0.037594 -0.212546
50.766314 245.037676 0.051711 0.249167
-55.358341 295.927672 -0.056485 0.300950
-113.635595 164.388670 -0.115466 0.167319
529.024011 -499.067731 0.537918 -0.507545
-145.493603 -54.020180 -0.148377 -0.054685
-178.282717 -95.348713 -0.180985 -0.096697
-41.544342 -108.065138 -0.042076 -0.109841
-23.435501 310.507550 -0.023854 0.315622
101.193619 143.306494 0.103273 0.145918
246.005096 -86.106017 0.250493 -0.087523
-25.147180 -147.126980 -0.025497 -0.149541
115.616541 -113.077062 0.117184 -0.115160
-62.971920 121.572545 -0.063788 0.123455
-157.869773 140.383921 -0.160420 0.142634
-164.545956 -320.816453 -0.167496 -0.326665
-82.949213 305.131686 -0.084366 0.310299
-90.379391 -13.516849 -0.091604 -0.013427
-153.382804 207.407990 -0.156135 0.211097
204.597698 177.099624 0.208195 0.180448
-287.112182 -273.634792 -0.291841 -0.278127
-109.473748 205.390827 -0.111691 0.208703
229.808521 -128.783125 0.233663 -0.130695
-405.909562 -13.999649 -0.412751 -0.014367
41.855774 151.405334 0.042346 0.154328
272.914965 -102.190660 0.277670 -0.103702
107.423423 -360.766465 0.109274 -0.366968
198.517394 -34.582669 0.202003 -0.035275
-276.906635 -443.955208 -0.281711 -0.451360
204.978795 406.807663 0.208758 0.413948
284.204671 -132.454197 0.289049 -0.134698
190.018325 111.327501 0.193156 0.113149
2.430815 -16.502952 0.002487 -0.016939
212.889159 -197.938513 0.216503 -0.201363
-190.653158 -17.296196 -0.194050 -0.017697
-94.056223 69.948878 -0.095478 0.071117
-99.849962 224.510889 -0.101457 0.228185
308.251154 155.868369 0.313615 0.158434
552.992866 -47.429624 0.562588 -0.048173
-145.105821 187.648976 -0.147660 0.190845
153.449426 -285.121050 0.156079 -0.290350
-82.308303 152.472768 -0.083988 0.154800
-279.390552 -188.965835 -0.284177 -0.192412
330.862114 -120.895464 0.336455 -0.123078
11.201576 -393.371277 0.011681 -0.399949
137.152133 -69.753847 0.139500 -0.070872
183.458536 -18.473817 0.186809 -0.018358
59.802558 -123.937901 0.060792 -0.125818
-294.349239 -0.417544 -0.299738 -0.000461
106.817651 -156.164723 0.108606 -0.158827
-58.642569 267.035693 -0.059813 0.271555
32.847765 -335.973498 0.033627 -0.341850
-136.425315 102.469992 -0.138681 0.104310
-39.616619 293.243919 -0.040286 0.298170
-64.157841 -116.670754 -0.065165 -0.119053
-17.523179 -48.632022 -0.017526 -0.049389
228.663810 -84.419670 0.232558 -0.085878
-158.047840 157.765019 -0.161002 0.160550
-92.279168 -291.041460 -0.093692 -0.295976
333.205372 -246.042029 0.339063 -0.250462
14.494517 275.405488 0.014785 0.280263
-256.899556 -608.352138 -0.261495 -0.618887
80.705321 -250.954382 0.081985 -0.255012
-310.572933 85.043438 -0.316013 0.086431
-302.113507 -70.067473 -0.306733 -0.071284
217.323299 -307.603631 0.221166 -0.313266
-197.548804 182.708359 -0.201007 0.185674
207.300478 116.501192 0.210778 0.118546
262.082948 25.372430 0.266601 0.026166
-10.203911 116.247273 -0.010518 0.118182
-136.929954 76.363512 -0.139466 0.077554
-277.938163 2.156955 -0.282535 0.002231
-100.197461 111.001424 -0.101395 0.112858
15.302318 -269.410583 0.015471 -0.273650
-369.675031 -108.010174 -0.375815 -0.109592
43.288403 34.776962 0.043945 0.035916
-481.217633 -219.034142 -0.489441 -0.222783
-70.122995 -27.055845 -0.071265 -0.027532
-348.585208 148.929489 -0.354303 0.151461
294.880685 74.257435 0.300033 0.076101
-232.434692 77.262725 -0.236625 0.078356
-68.140412 352.158415 -0.069083 0.358141
32.053781 -477.593227 0.032489 -0.486011
-44.888738 -10.094410 -0.045811 -0.010224
-267.862854 208.262205 -0.272837 0.211888
292.144871 175.007915 0.296816 0.177921
-83.357582 129.969804 -0.085090 0.132196
115.997087 -73.088608 0.118195 -0.074217
-86.237646 -360.607029 -0.087899 -0.366818
22.551959 14.230603 0.022921 0.014620
15.500293 12.231965 0.015780 0.012504
-96.651339 69.217084 -0.098445 0.070426
76.806911 193.911801 0.078028 0.197346
241.800102 -251.218483 0.246401 -0.255382
74.884593 40.648762 0.076073 0.041630
-59.537475 -115.301141 -0.060725 -0.117459
-81.567523 297.638456 -0.082575 0.302782
36.611174 -87.461217 0.037304 -0.088881
26.982113 -110.156422 0.027334 -0.112100
22.194286 63.061199 0.022496 0.064295
94.547968 157.151657 0.096063 0.159675
12.446437 -120.483348 0.012453 -0.122388
-73.072012 210.580020 -0.074343 0.214126
-259.135732 -339.803646 -0.263798 -0.345884
148.326634 -460.546090 0.150934 -0.468748
243.552397 -220.590945 0.248045 -0.224497
229.384930 149.468209 0.233375 0.152088
268.369339 -23.288374 0.273035 -0.023737
68.596892 -105.095711 0.069784 -0.106825
-250.227665 93.324240 -0.254643 0.095070
-179.249694 333.440226 -0.182318 0.339077
40.290901 2.451551 0.040788 0.002498
41.216327 175.874981 0.041933 0.178703
35.211313 -234.723062 0.035752 -0.238877
-269.360602 55.630261 -0.273948 0.056441
-236.706245 -34.546637 -0.240902 -0.035052
-276.663430 -35.450300 -0.281650 -0.035950
60.177069 -225.754567 0.060921 -0.229591
230.143125 167.027082 0.233727 0.169768
164.894675 209.384598 0.167861 0.212695
323.604603 -142.277355 0.328870 -0.144927
62.998186 -1.733913 0.063969 -0.001781
80.418477 267.935340 0.082078 0.272721
-190.162473 -190.033617 -0.193355 -0.193765
-85.215139 -0.280382 -0.086604 -0.000328
122.034515 -145.826878 0.124167 -0.148327
-87.974143 133.891347 -0.089447 0.136004
-275.347174 1.152668 -0.280337 0.000957
122.034204 79.513873 0.124139 0.081100
-177.356714 -84.075532 -0.180499 -0.085769
9.184334 -145.963476 0.009499 -0.148638
-194.920442 -270.010132 -0.198145 -0.274985
-10.679327 113.049275 -0.010749 0.115032
239.838959 313.627594 0.244170 0.318498
-248.521026 -167.616297 -0.252795 -0.170576
-143.593201 213.930377 -0.145946 0.217935
-207.538737 344.431192 -0.210991 0.350352
-117.797979 254.861930 -0.119561 0.259141
114.708525 -483.529751 0.117073 -0.491643
-2.185069 -26.115044 -0.002056 -0.026504
374.180242 257.597472 0.380468 0.262272
69.835912 -19.093263 0.071148 -0.019657
-119.518669 -104.983733 -0.121745 -0.106995
49.189275 548.431301 0.050021 0.557682
322.028851 -111.730577 0.327832 -0.113593
18.152369 -268.941441 0.018253 -0.273679
82.364080 -96.893012 0.083660 -0.098497
203.579199 -143.964997 0.207285 -0.146364
-158.614606 -191.119674 -0.161310 -0.194600
-193.521877 -54.906949 -0.196710 -0.055793
66.663716 181.741245 0.067985 0.185021
-118.571251 -35.766899 -0.121121 -0.036088
177.070357 206.159437 0.180089 0.209699
58.438634 181.942629 0.059508 0.184974
-159.270204 291.205467 -0.162517 0.296382
101.699961 387.391941 0.103479 0.394317
109.961199 -138.185597 0.112096 -0.140677
-467.625089 243.253008 -0.475723 0.247905
427.886268 447.188001 0.435525 0.454732
-50.736836 196.014370 -0.051763 0.199283
-29.147742 -10.589125 -0.029272 -0.010666
400.039768 63.813792 0.406915 0.065083
137.413169 -332.180854 0.139428 -0.337785
-245.784509 45.213768 -0.249612 0.045996
-66.976430 188.663814 -0.068032 0.191939
-14.442765 89.564467 -0.014542 0.091095
21.411372 -48.436339 0.021882 -0.049108
-62.023492 -42.211987 -0.062954 -0.043089
96.836505 250.495142 0.098569 0.255118
59.567009 -116.064033 0.060875 -0.117942
196.658270 188.068478 0.199773 0.191521
354.963928 29.498366 0.361354 0.030472
179.110288 105.700314 0.181736 0.107150
-42.834897 -265.251385 -0.043641 -0.269890
-75.339749 143.638040 -0.076438 0.145935
-157.586972 -188.622502 -0.160254 -0.191604
131.565922 -114.713657 0.133767 -0.116460
-106.352546 -22.245864 -0.107988 -0.022545
219.109188 -396.033270 0.222928 -0.402598
-282.987076 264.912933 -0.288106 0.269416
-330.439865 -141.472495 -0.336218 -0.143913
-115.888033 -69.729678 -0.117637 -0.070972
133.625251 373.640891 0.136267 0.380259
170.095005 -81.259080 0.172910 -0.082788
-186.251177 -206.541140 -0.189814 -0.210202
20.959065 -212.025014 0.021473 -0.215726
102.752302 167.628844 0.104298 0.170830
-487.129547 -433.115141 -0.495340 -0.440641
-452.005619 254.364258 -0.459530 0.258706
-171.949780 -71.111791 -0.174703 -0.072223
-47.095797 -38.523975 -0.047966 -0.039289
39.383782 312.758939 0.039737 0.318294
17.702134 -159.649249 0.018172 -0.162017
-78.676918 309.796095 -0.080131 0.315286
180.690488 -56.663344 0.183674 -0.057224
24.421251 395.619737 0.024946 0.402406
-196.197565 -390.929192 -0.199933 -0.397852
0.011201 39.564234 0.000062 0.039846
163.228032 -150.174885 0.166250 -0.152898
46.805971 265.128234 0.047369 0.270019
-234.148609 162.141232 -0.237841 0.164810
-94.224984 -259.845274 -0.095589 -0.264383
146.424407 80.091355 0.148961 0.081515
-352.170817 -37.458949 -0.358178 -0.037670
-195.700504 191.853391 -0.198957 0.194788
-19.152383 318.994934 -0.019330 0.324568
-38.109408 -6.565115 -0.038498 -0.006989
6.279062 87.105937 0.006544 0.088805
194.078890 -56.299984 0.197317 -0.057182
27.722980 84.144138 0.028256 0.085492
16.067287 -110.399570 0.016618 -0.112470
345.353945 88.838011 0.351272 0.090322
85.128662 -69.822498 0.086883 -0.070957
96.084699 -46.215990 0.097835 -0.047015
126.106096 -108.622019 0.128023 -0.110544
56.987516 -199.765725 0.058018 -0.203463
148.346454 231.611504 0.150984 0.235337
-55.218144 8.969576 -0.056488 0.009021
38.236281 -260.220412 0.038951 -0.264687
9.050408 241.478893 0.009359 0.245702
311.902483 33.920828 0.317127 0.034553
109.168523 34.193754 0.111013 0.034818
-90.704373 -199.886392 -0.091857 -0.202997
117.640603 -64.419873 0.119971 -0.065698
221.624293 -27.119892 0.225740 -0.027649
319.385833 -232.805867 0.324764 -0.236779
-56.923883 33.921351 -0.057743 0.034484
318.891032 46.247932 0.324134 0.047083
283.101033 -48.431772 0.287813 -0.049095
-91.408254 4.014533 -0.093067 0.004006
117.124403 38.202819 0.119202 0.039206
200.052713 25.113200 0.203565 0.025378
87.955544 -41.946120 0.089411 -0.042518
25.322897 77.019082 0.025857 0.078429
243.142457 -92.253250 0.247136 -0.093678
47.324332 -158.838299 0.047805 -0.161497
-276.535659 -191.130659 -0.281352 -0.194427
190.814123 -129.599422 0.194113 -0.131856
57.949941 18.555950 0.059053 0.018898
66.775441 4.735016 0.067862 0.004775
67.263887 143.297027 0.068749 0.145817
-39.467441 -139.823032 -0.040264 -0.142536
16.188390 391.195040 0.016440 0.397937
331.070168 -99.865201 0.336789 -0.101698
-169.905407 54.610946 -0.172775 0.055605
260.222575 -294.511290 0.264635 -0.299496
284.640867 139.272378 0.289628 0.141712
-57.033536 104.194181 -0.057947 0.106189
-373.770088 14.342531 -0.380090 0.014542
145.077257 -47.368829 0.147780 -0.048293
-475.439480 274.353659 -0.483943 0.278951
13.442533 -196.637365 0.013394 -0.199994
-161.878941 -82.353436 -0.164699 -0.083591
82.948933 159.405636 0.084483 0.162221
182.302160 216.599647 0.185442 0.219945
78.020379 -437.617929 0.079463 -0.444934
-350.916956 607.162825 -0.356968 0.617517
-159.092719 330.176555 -0.161847 0.336002
-110.575701 -123.204879 -0.112369 -0.125583
250.465260 -491.170641 0.254905 -0.499576
-114.218003 -40.656605 -0.116334 -0.041046
-116.309233 142.464056 -0.118420 0.144856
-118.583161 -138.858159 -0.120916 -0.141507
304.626684 217.341645 0.309833 0.220897
91.015050 298.695122 0.092605 0.304050
-61.839445 -221.208894 -0.062861 -0.224742
282.254351 9.506407 0.287337 0.009554
-185.863738 110.586867 -0.188921 0.112431
-212.650969 150.339601 -0.215889 0.152428
-503.621154 451.770832 -0.512843 0.459750
-188.402280 -282.347054 -0.191714 -0.287522
80.275016 -246.281561 0.081714 -0.250562
-115.016875 -83.120554 -0.117128 -0.084736
132.070733 -145.018356 0.134431 -0.147468
235.072157 362.625164 0.238942 0.368739
181.359923 -293.270250 0.184543 -0.298444
138.810760 221.277205 0.141600 0.225199
145.613984 -195.354177 0.148092 -0.198869
21.445705 -9.817003 0.021855 -0.010233
-16.486704 208.528994 -0.017016 0.212462
-361.401795 234.319627 -0.367992 0.238315
-132.787956 319.307328 -0.135364 0.324963
-288.219992 161.979909 -0.293052 0.164576
516.114980 225.471532 0.524894 0.229012
-26.175127 -189.037698 -0.026401 -0.192175
-268.083955 449.085242 -0.272372 0.456914
144.402287 -240.720884 0.146884 -0.244757
82.092766 -135.247415 0.083618 -0.137870
158.346820 95.471163 0.160997 0.096911
191.626481 -87.991502 0.194765 -0.089808
27.735594 489.635798 0.028091 0.497955
-96.954370 -147.752434 -0.098949 -0.150215
-361.960501 95.184519 -0.368101 0.096789
59.045299 -132.285312 0.059693 -0.134600
-15.383197 -83.532920 -0.015998 -0.085191
179.530802 260.306464 0.182737 0.264550
-258.162402 33.433487 -0.262830 0.034043
-116.568310 -144.425701 -0.118532 -0.146850
-341.488094 -316.452231 -0.347387 -0.322129
45.064183 -416.188957 0.045989 -0.423678
164.197686 -139.550238 0.166976 -0.141792
79.266156 244.795667 0.080646 0.249059
-132.513834 -409.955635 -0.134514 -0.417104
209.172137 144.672098 0.212799 0.147251
240.696021 220.928865 0.244967 0.224514
-83.089111 115.049356 -0.084525 0.117263
47.478123 295.006252 0.048265 0.300215
218.881478 346.436520 0.222954 0.352941
-414.512407 175.899167 -0.421608 0.179177
-75.855743 57.108730 -0.076773 0.058407
67.462928 -30.203553 0.068238 -0.030563
-11.875927 -222.711123 -0.012031 -0.226695
-509.583761 -162.700554 -0.518429 -0.165342
23.370988 -72.260442 0.023883 -0.073668
420.954702 71.828677 0.428153 0.073019
375.359859 -77.021983 0.381882 -0.078375
-170.131778 11.599801 -0.172771 0.011602
30.392028 -109.409279 0.031137 -0.111095
-394.738129 -173.283000 -0.401741 -0.175987
-85.857614 -48.434465 -0.087544 -0.049627
172.531030 -384.170834 0.175229 -0.390841
-97.930798 -2.969052 -0.099841 -0.003057
160.214537 -267.844688 0.162956 -0.272316
119.366666 -51.701607 0.121042 -0.052355
-99.018255 -129.255598 -0.100854 -0.131762
295.680259 -227.648786 0.300890 -0.231606
-351.917989 -164.501371 -0.357782 -0.167394
71.464265 221.224413 0.072465 0.225065
-204.219608 289.143840 -0.207811 0.293933
-362.651285 -129.917051 -0.369408 -0.132428
358.059681 241.475863 0.364298 0.245583
14.157461 -53.422952 0.014693 -0.054262
-52.580754 106.329754 -0.053281 0.108115
-3.709804 -94.153996 -0.003828 -0.095829
31.848306 18.930869 0.032272 0.019324
-142.489630 -206.878568 -0.145032 -0.210661
-334.755295 55.051206 -0.340263 0.056397
-33.112530 -172.443102 -0.033420 -0.175468
64.439278 39.170395 0.065521 0.039870
248.972612 280.270664 0.253227 0.284991
244.146074 -44.336602 0.248513 -0.045094
-237.113249 -127.070700 -0.241498 -0.129362
-159.003356 -121.688321 -0.161946 -0.123776
-260.484826 -509.617694 -0.265628 -0.518252
335.664191 402.930706 0.341389 0.409707
-260.022161 -221.190643 -0.264621 -0.225094
-140.741387 -177.462015 -0.143299 -0.180686
218.788278 -4.581510 0.222482 -0.004641
-178.722432 -283.669860 -0.181587 -0.288535
20.264558 -138.399297 0.020725 -0.140672
5.874334 -20.465225 0.005896 -0.020821
-81.285323 40.284172 -0.082857 0.040892
216.134908 345.601277 0.220319 0.351146
144.392453 -111.104258 0.147097 -0.113054
50.784002 328.958512 0.051766 0.334390
-438.515218 115.316599 -0.445875 0.117301
232.600135 200.176601 0.236692 0.203468
-41.323737 -38.117672 -0.042381 -0.038626
-114.549654 -7.016548 -0.116456 -0.007039
-175.438579 -403.323466 -0.178228 -0.409897
204.014920 -88.803665 0.207704 -0.090108
-116.486340 -75.689104 -0.118363 -0.076793
39.566856 232.236817 0.040291 0.236599
-144.765700 185.619905 -0.147579 0.188768
17.976505 38.881205 0.018409 0.039368
-426.733908 -20.758223 -0.434405 -0.021018
244.234494 28.942056 0.248238 0.029227
-83.972558 64.487946 -0.085084 0.065334
-368.883086 260.435162 -0.375075 0.264917
-39.114619 -11.785680 -0.040167 -0.012080
-166.529432 -24.563150 -0.169601 -0.024854
-48.407705 -407.920421 -0.049396 -0.414973
-145.891505 -80.388718 -0.148576 -0.081578
-77.421094 -310.514927 -0.078979 -0.316060
-61.342491 -201.092677 -0.062149 -0.204480
47.188051 79.598638 0.047836 0.080945
100.616399 -20.385151 0.102463 -0.020760
37.198904 -213.131785 0.037865 -0.216535
-458.243382 16.719230 -0.466462 0.016688
-6.426120 99.560331 -0.006315 0.101032
79.400286 119.298860 0.080864 0.121301
218.776290 109.935938 0.222550 0.112020
144.959758 -43.605073 0.147738 -0.044465
217.692096 -144.902729 0.221345 -0.147635
-254.775017 214.762438 -0.259072 0.218197
-88.492781 53.437476 -0.089995 0.054368
-42.532768 -12.696341 -0.043275 -0.012888
413.048032 214.685623 0.419920 0.218200
-17.795776 368.813538 -0.017905 0.375534
18.061392 255.052464 0.018502 0.259281
168.330102 194.977698 0.171473 0.198059
-265.642210 29.648532 -0.270282 0.030023
-204.421577 0.959556 -0.208106 0.000967
-173.545384 177.501909 -0.176571 0.180777
-231.732897 -7.437750 -0.235755 -0.007807
588.780997 164.482820 0.599185 0.167292
-353.752546 -92.630762 -0.360328 -0.094430
-181.159587 -142.100236 -0.184319 -0.144515
169.972664 98.935967 0.173191 0.100636
-124.484448 151.084101 -0.126559 0.153466
-14.910904 210.687946 -0.015441 0.214015
-328.165535 220.638761 -0.333678 0.224512
-178.106359 -79.681860 -0.181357 -0.080745
-3.945752 -233.990115 -0.003981 -0.238135
39.704854 -66.043657 0.040387 -0.067365
170.248916 28.369660 0.172813 0.028821
-100.248009 168.335266 -0.102001 0.171224
-264.204825 -225.756522 -0.268897 -0.229888
-412.395349 -230.229301 -0.419472 -0.234158
83.665269 373.975933 0.084963 0.380471
266.053925 172.643372 0.270592 0.175631
14.163996 213.605274 0.014201 0.217462
-34.923841 -146.907666 -0.035308 -0.149647
-108.891592 -119.268475 -0.111037 -0.121323
507.298826 297.095811 0.515749 0.302117
-50.101673 241.824051 -0.051105 0.245874
-264.818017 31.088425 -0.269072 0.031464
-137.633326 6.100400 -0.139838 0.006527
-183.539999 57.463637 -0.186537 0.058404
286.765959 42.091488 0.292134 0.042438
-192.468514 -89.075134 -0.195686 -0.090377
3.855234 -226.127494 0.004141 -0.230212
148.719988 2.192114 0.150887 0.002308
-182.075065 225.854609 -0.185004 0.229827
-31.376361 -286.291870 -0.031810 -0.291195
66.444567 202.031462 0.067871 0.205650
-300.713562 185.300053 -0.306299 0.188300
13.238492 -33.021162 0.013306 -0.033484
-119.594778 76.647019 -0.121979 0.078135
-142.606878 -319.818668 -0.145066 -0.325865
51.232377 95.166954 0.052264 0.096531
-6.524562 -165.308376 -0.006734 -0.167709
-144.434649 109.594403 -0.146749 0.111448
150.576369 502.393517 0.153277 0.510944
171.059274 96.219890 0.174369 0.097959
-238.074806 -59.093772 -0.242518 -0.060161
-293.058087 -198.042198 -0.298241 -0.201836
-22.465135 -23.969889 -0.023021 -0.024236
246.364730 128.084544 0.250726 0.130356
-172.476101 -92.900578 -0.175108 -0.094343
218.282490 31.596789 0.222010 0.031941
41.222880 -174.458435 0.042113 -0.177090
-196.324495 30.390974 -0.199326 0.030677
-67.867129 -263.042163 -0.069246 -0.267529
317.401496 207.251365 0.322860 0.211071
81.622621 -30.147508 0.083252 -0.030783
176.620493 195.341179 0.179521 0.198716
45.891284 -154.695062 0.046821 -0.157292
-143.814070 -104.235500 -0.145978 -0.105850
327.247126 109.834626 0.332927 0.111725
84.314297 2.915679 0.085724 0.002941
-130.165327 308.237577 -0.132639 0.313434
223.373359 246.734245 0.227029 0.250755
-497.740851 146.888337 -0.506513 0.149246
-257.737630 -326.053336 -0.262294 -0.331513
-55.341276 -180.985839 -0.056306 -0.184020
-90.037877 120.638299 -0.091307 0.123004
194.075649 183.447555 0.197468 0.186240
-252.826879 286.992950 -0.257465 0.292144
240.168323 -606.095715 0.244324 -0.616757
-295.360275 -127.788363 -0.300619 -0.130233
137.317218 -378.211133 0.139378 -0.384878
113.640046 -272.800818 0.115601 -0.277856
42.467045 84.538171 0.043203 0.086199
241.466497 112.677908 0.245567 0.114621
-163.044610 -184.813358 -0.166234 -0.187847
-143.347547 -181.247935 -0.145812 -0.184389
-5.010492 431.698317 -0.004854 0.438846
-48.425564 87.880344 -0.048946 0.089197
104.922679 -113.851576 0.107104 -0.115928
-274.034419 13.050754 -0.278965 0.013209
235.902918 39.814189 0.239955 0.040636
-124.638589 -265.579269 -0.126699 -0.270374
485.372287 161.944538 0.493207 0.164635
-212.097788 182.799265 -0.215739 0.186126
-15.203856 17.728879 -0.015612 0.017919
35.043026 20.693008 0.035637 0.020931
373.948140 -17.457950 0.380351 -0.017955
212.891280 290.324955 0.216752 0.295073
-107.741398 85.129502 -0.109389 0.086375
115.936960 -3.709723 0.117680 -0.003675
187.387987 198.213041 0.190955 0.201491
44.362457 337.393418 0.045315 0.342969
344.181758 -150.791407 0.350226 -0.153472
-68.948033 85.386484 -0.070284 0.086658
-247.581388 -103.980406 -0.251628 -0.105608
-130.898633 -230.020689 -0.133126 -0.234066
436.134233 -332.363692 0.444026 -0.337994
399.513101 277.645906 0.406720 0.282475
-208.932604 -244.135701 -0.212688 -0.248534
127.683828 -44.325211 0.129781 -0.045543
-115.749520 -94.508056 -0.117737 -0.096143
122.951106 66.765103 0.125102 0.067630
-414.599667 216.500267 -0.421651 0.220150
134.819166 33.785922 0.137028 0.034223
-18.762974 -31.604496 -0.019288 -0.032541
-40.199506 -229.949913 -0.041045 -0.234158
-199.335884 -225.305668 -0.202791 -0.228851
31.148970 -37.015148 0.031503 -0.037902
-74.215460 -84.550538 -0.075371 -0.085763
37.436009 227.648819 0.038019 0.231607
-215.250896 128.132996 -0.219070 0.130585
-34.600980 -25.342718 -0.035190 -0.025839
39.651058 112.649284 0.040438 0.114980
100.273879 -439.053691 0.102152 -0.446503
13.449401 -166.369908 0.013882 -0.169338
230.898149 -134.541390 0.235138 -0.137217
171.492830 156.914204 0.174257 0.159552
-221.696385 -221.237325 -0.225748 -0.224985
150.751172 -204.666521 0.153131 -0.208004
37.578584 -151.344792 0.038241 -0.153763
134.463499 144.617701 0.137278 0.147221
39.830083 -63.629156 0.040349 -0.064564
-137.237078 -224.519055 -0.139752 -0.228609
-185.989279 -122.818159 -0.189275 -0.125002
-360.557088 -462.769219 -0.367137 -0.470510
96.658167 -174.250258 0.098488 -0.177457
-378.160428 192.600514 -0.384853 0.195892
162.555042 -141.035080 0.165316 -0.143307
-126.478613 -68.609040 -0.128451 -0.070124
-189.170612 -277.229156 -0.192665 -0.282286
-142.341157 -120.023191 -0.144663 -0.122315
76.043194 47.930034 0.077387 0.048891
-76.692596 -23.796401 -0.077930 -0.024158
41.986975 -61.383956 0.042577 -0.062435
64.101085 -99.744473 0.065284 -0.101829
-65.870861 -158.307337 -0.066619 -0.160731
-269.756944 -56.353033 -0.274513 -0.057428
-140.440017 89.864681 -0.142896 0.091512
-266.891494 1.689047 -0.271646 0.001503
524.572730 287.150454 0.533655 0.292416
34.761570 -405.996019 0.035371 -0.413321
374.808352 -112.791131 0.381534 -0.114874
-202.800684 85.334784 -0.206191 0.086994
92.800053 -131.414934 0.094043 -0.133706
175.351383 -35.278225 0.178361 -0.035817
322.556796 38.927307 0.328435 0.039422
-180.179017 126.025383 -0.183247 0.128154
-164.799418 133.450324 -0.168130 0.135644
272.918642 -159.854550 0.277675 -0.162661
-190.991843 -215.925349 -0.194395 -0.219783
-167.925923 264.630667 -0.170995 0.269180
4.401520 147.261316 0.004699 0.149933
-503.081740 -71.483422 -0.511364 -0.072800
-330.443713 -110.216298 -0.336525 -0.112383
98.377853 -96.533281 0.100110 -0.098267
177.994860 164.319434 0.181528 0.167357
-80.809522 -30.189876 -0.082512 -0.030554
65.827811 64.079833 0.067053 0.065150
68.637040 -107.159826 0.069927 -0.109133
168.392587 40.202927 0.171370 0.040840
277.795633 44.901766 0.282391 0.045760
109.069529 -221.659999 0.111217 -0.225378
-152.277204 144.737760 -0.154939 0.147177
18.626087 124.509253 0.019200 0.126705
-65.378231 23.182573 -0.066375 0.023823
241.328420 -73.909613 0.245308 -0.074870
181.722389 -277.894392 0.184847 -0.282594
239.395270 -31.010243 0.243531 -0.031430
-60.562257 169.954938 -0.061292 0.172813
-380.923103 -105.986727 -0.387036 -0.107605
192.856896 34.003667 0.196034 0.034694
71.953643 -159.361206 0.073470 -0.162066
-58.815995 -196.993302 -0.059955 -0.200308
151.139462 -449.802822 0.153891 -0.457366
549.809162 280.447450 0.559261 0.285288
-30.815403 149.037566 -0.031394 0.151745
-150.838191 88.909335 -0.153718 0.090561
-100.367023 -61.080118 -0.101889 -0.061828
-173.813091 185.800584 -0.176920 0.189098
-196.090646 -88.737361 -0.199141 -0.090078
-50.906891 290.921810 -0.051764 0.296091
-241.794267 7.019466 -0.246155 0.007428
218.673482 -26.890316 0.222651 -0.027602
-166.789005 -40.879953 -0.169775 -0.041717
-187.300272 27.141907 -0.190548 0.027695
-252.377012 -200.205105 -0.256607 -0.203828
137.175094 219.024779 0.139544 0.222863
137.622219 32.827470 0.140139 0.033518
-354.767136 -240.986737 -0.361046 -0.245034
-87.775964 41.302593 -0.089422 0.041933
37.515346 -75.531803 0.038143 -0.076658
123.607007 206.988366 0.125770 0.210293
37.643420 84.109956 0.038535 0.085836
128.482607 52.732060 0.130910 0.053749
158.944628 309.116626 0.161517 0.314466
-110.577401 101.079390 -0.112730 0.102977
-54.221902 -28.960012 -0.054762 -0.029617
36.055788 -512.899187 0.036421 -0.521840
104.345329 65.668896 0.106090 0.066845
-36.656667 204.574283 -0.037246 0.208072
-233.892627 165.005747 -0.238207 0.168501
108.859936 -39.778010 0.110745 -0.040365
-77.826946 -188.874585 -0.079119 -0.192662
10.446028 -27.141613 0.010455 -0.027217
-39.502214 -285.256134 -0.040194 -0.290374
44.231986 -273.028576 0.045062 -0.277796
193.321837 -134.628767 0.196489 -0.136663
131.616418 82.944475 0.133918 0.084255
87.915108 155.290919 0.089528 0.158023
-239.172418 -7.032539 -0.243262 -0.007361
302.006487 9.991249 0.307232 0.010194
123.894421 101.750116 0.126125 0.103152
122.478257 209.863186 0.124600 0.213556
-89.852152 -236.421770 -0.091127 -0.240652
-216.287230 -373.286990 -0.220205 -0.379942
8.492090 -148.271608 0.008815 -0.150968
253.609419 -568.266322 0.258297 -0.578157
37.620083 -254.792581 0.037972 -0.259174
485.173756 139.086118 0.493323 0.141510
244.714616 248.487932 0.249103 0.252997
-209.016035 -288.399650 -0.212498 -0.293118
-36.217589 235.167734 -0.037213 0.238766
317.915218 126.166940 0.323201 0.128462
-303.033027 -210.726559 -0.308040 -0.214352
-170.801754 -66.878007 -0.173815 -0.068137
-308.831270 150.335973 -0.314279 0.153040
-136.404203 24.001343 -0.138886 0.024644
-266.632965 -104.541779 -0.271190 -0.106276
239.719243 -283.819006 0.243713 -0.288897
-258.485522 132.843807 -0.262908 0.135138
108.491998 -13.650978 0.110578 -0.013931
85.827868 -138.632850 0.087070 -0.140841
-297.539973 -275.359325 -0.302280 -0.280391
162.709268 -137.300572 0.165498 -0.139695
-142.809654 -3.607668 -0.145559 -0.003591
-129.499721 -16.079090 -0.132372 -0.016595
-426.856850 147.914451 -0.434334 0.150178
96.025546 14.890601 0.097547 0.015044
-103.511183 137.218508 -0.105117 0.139709
-160.252725 -197.407660 -0.163031 -0.200783
357.327166 74.927664 0.363198 0.076208
112.815419 -241.172542 0.114903 -0.245212
360.635814 -165.889946 0.367080 -0.169217
-352.753297 -192.538463 -0.359011 -0.195927
36.373421 24.163673 0.036907 0.024841
-16.637327 -167.088338 -0.016724 -0.170198
63.964950 -50.390813 0.064989 -0.051345
333.054381 68.468135 0.338860 0.069668
-271.648479 -325.922018 -0.276349 -0.331469
-133.080416 -127.771490 -0.135003 -0.130355
247.156120 -17.174634 0.251398 -0.017296
68.209304 -42.667694 0.069068 -0.043612
-117.195825 300.990051 -0.119265 0.306050
11.793008 485.336327 0.012244 0.493748
-89.506678 -92.861990 -0.090810 -0.094336
-62.093742 -302.141701 -0.063201 -0.307072
-151.290723 -151.715747 -0.153843 -0.154112
455.033302 45.154105 0.463117 0.045774
-482.873717 28.560430 -0.491543 0.029180
-430.806903 -64.124405 -0.437826 -0.064949
-60.304573 -66.739753 -0.061473 -0.067927
-90.666068 -163.856356 -0.092109 -0.166594
4.328067 261.555535 0.004236 0.266028
6.116454 -154.419882 0.006371 -0.156688
-422.523053 -38.411576 -0.429740 -0.038986
-496.219922 -70.199894 -0.504989 -0.071340
-164.375381 169.528096 -0.167030 0.172375
-69.879324 -2.229602 -0.071166 -0.002024
-46.629392 -3.617406 -0.047133 -0.003486
-632.907572 77.449031 -0.643785 0.078565
238.706488 64.015419 0.242715 0.064852
-196.179367 -37.346365 -0.199184 -0.038209
69.832475 160.617713 0.070885 0.163160
110.578808 72.964378 0.112611 0.074210
10.881071 -11.066130 0.011240 -0.011304
185.232358 -163.080445 0.188812 -0.165907
-133.263166 -137.119682 -0.135633 -0.139695
105.033309 -82.945529 0.106913 -0.084481
4.283226 207.650371 0.004357 0.211291
-202.446091 -67.032678 -0.205772 -0.068522
229.384612 -74.533798 0.233643 -0.075954
107.936059 -149.931183 0.110134 -0.152414
8.009980 41.826152 0.008087 0.042544
-161.662624 19.459500 -0.164390 0.019781
-122.962645 15.666599 -0.125280 0.015951
257.842258 87.164613 0.262286 0.088678
91.314689 -85.149260 0.092887 -0.086402
246.892603 220.769431 0.250937 0.224677
267.083248 167.772125 0.271573 0.170690
59.704179 82.712525 0.060931 0.084249
109.293218 324.563412 0.111503 0.330225
-25.870098 -552.221861 -0.026409 -0.561753
-209.595160 -124.636660 -0.213368 -0.126866
260.008450 290.328094 0.264374 0.295151
-26.678300 -243.598142 -0.027216 -0.248286
78.560862 269.311648 0.079958 0.274146
306.357881 116.591277 0.311440 0.118601
-207.122428 -24.613441 -0.210604 -0.025009
244.809155 -172.197518 0.248966 -0.174999
-120.595666 326.408234 -0.122890 0.332033
3.024705 -30.661510 0.003150 -0.031299
92.261802 284.801498 0.093922 0.289934
-85.047095 174.161499 -0.086340 0.177279
-227.560137 -261.400108 -0.231631 -0.266053
221.789087 -321.630608 0.225678 -0.327217
293.461324 42.840257 0.298662 0.043629
161.415361 -322.436825 0.164047 -0.328059
32.359134 122.215613 0.033000 0.124328
-36.261494 -204.499602 -0.036902 -0.208218
-263.835541 -194.593174 -0.268429 -0.197845
-207.507420 185.965920 -0.210937 0.189363
-103.742191 -297.298335 -0.105642 -0.302339
254.374113 87.498818 0.258759 0.088896
245.950097 23.588325 0.249916 0.024228
389.970981 -19.452834 0.396618 -0.020187
202.952154 400.073450 0.206776 0.406963
-30.109307 -317.860422 -0.030868 -0.322944
-149.054152 -132.526146 -0.151830 -0.134930
372.310390 -39.803806 0.378882 -0.040306
105.217617 367.179308 0.107081 0.373422
186.015676 82.260786 0.189280 0.083576
-174.849323 -184.284374 -0.177937 -0.187344
80.882675 -11.292460 0.082178 -0.011280
-75.739918 151.733391 -0.077157 0.154593
146.632656 -159.833464 0.149024 -0.162878
204.980631 -102.598459 0.208538 -0.104481
-43.783753 153.073177 -0.044382 0.155744
-55.892244 283.175106 -0.056872 0.288070
283.136061 -222.656041 0.287865 -0.226674
-370.833767 -176.760773 -0.377537 -0.179680
-40.213258 317.515584 -0.040681 0.323174
81.826944 -11.866299 0.083561 -0.012017
-106.663040 -78.818021 -0.108692 -0.080285
7.842391 -315.518206 0.008055 -0.320974
-213.765617 127.435135 -0.217325 0.129870
427.402663 -34.225867 0.435142 -0.034475
134.103653 -27.036099 0.136419 -0.027667
121.861692 116.682495 0.123684 0.118724
-338.498076 37.187019 -0.344398 0.037830
227.027926 -163.396814 0.231005 -0.166236
-102.250127 169.481583 -0.104295 0.172291
445.705492 176.098386 0.453499 0.179185
75.064824 160.006601 0.076839 0.162518
-3.310847 73.674279 -0.003284 0.075325
-129.662493 -39.956637 -0.131936 -0.040530
-93.591131 8.869529 -0.095062 0.009017
141.814150 -114.619376 0.144421 -0.116734
-139.570729 297.444879 -0.141939 0.302593
-256.386243 -134.639850 -0.260971 -0.137131
34.940387 120.715580 0.035745 0.122825
163.060253 78.165529 0.165979 0.079721
50.016258 -318.043509 0.051261 -0.323691
-441.750900 -121.592068 -0.449179 -0.123739
49.398183 159.500552 0.050249 0.162538
-14.926706 -225.027254 -0.015135 -0.228980
201.346946 607.654046 0.205009 0.617903
121.110647 239.730478 0.123173 0.244004
21.916979 67.511910 0.022306 0.068805
324.884445 -476.966270 0.330517 -0.485606
-284.854335 -35.745439 -0.290013 -0.036245
399.565484 250.610494 0.406580 0.254951
-66.670028 56.973931 -0.067575 0.058120
-139.123091 93.877125 -0.141364 0.095422
35.166793 -151.160600 0.035661 -0.154106
-723.132977 8.286805 -0.735731 0.008507
217.439202 -143.466436 0.220968 -0.145981
59.037409 193.710528 0.060165 0.197085
-268.614323 -46.982623 -0.273307 -0.048076
-308.353733 9.178207 -0.313329 0.009260
-117.705589 -129.420884 -0.119671 -0.131613
-46.756569 25.536081 -0.047549 0.026205
-117.389799 -63.054518 -0.119503 -0.064058
-84.170986 195.912558 -0.085727 0.199378
64.727581 26.725614 0.065844 0.027468
206.525698 60.740454 0.210028 0.061657
40.353668 -109.700460 0.041012 -0.111978
31.341330 51.796779 0.031458 0.052728
-201.409490 -111.328885 -0.204954 -0.113571
-110.450672 -183.811439 -0.112433 -0.186936
183.010490 -162.784361 0.186410 -0.165692
85.448046 -193.858555 0.086903 -0.197329
12.599537 -311.778035 0.012851 -0.317659
110.044334 252.083484 0.111723 0.256783
-118.162088 305.522839 -0.120475 0.311050
-62.480109 -55.541621 -0.063181 -0.056163
-401.260870 181.211056 -0.408148 0.184380
-147.281013 -75.030433 -0.149624 -0.076524
-477.226353 45.710066 -0.485416 0.046344
-63.132556 -133.698759 -0.064096 -0.135667
402.067912 -131.716020 0.409269 -0.134109
267.268203 96.972304 0.271692 0.098550
239.274868 258.897853 0.243555 0.262832
-227.475730 -174.214443 -0.231531 -0.176912
311.836977 71.273138 0.317389 0.072269
-132.658786 34.216858 -0.135106 0.034673
-174.838951 -5.617597 -0.177779 -0.005917
-110.298345 -153.192395 -0.112458 -0.155926
-85.729349 -108.291998 -0.087180 -0.110347
464.877977 184.569490 0.472773 0.187577
-58.850850 204.687187 -0.060177 0.208080
-345.766595 -57.292915 -0.351666 -0.058177
59.989123 -232.925497 0.060945 -0.236898
168.469195 -254.217106 0.171405 -0.258905
-465.469886 140.805497 -0.473600 0.143386
-112.156281 47.422552 -0.114415 0.048020
-56.481582 149.367252 -0.057380 0.152001
31.312985 392.318962 0.032143 0.398931
-3.297765 48.067865 -0.002872 0.048416
-121.476523 -32.706322 -0.123309 -0.032968
-131.318121 -5.561088 -0.133580 -0.005287
155.788312 -199.418892 0.158540 -0.202673
-11.773141 -125.991758 -0.011832 -0.127887
120.090179 168.444625 0.122339 0.171606
73.880843 -296.807168 0.075297 -0.301843
-144.175236 -266.666389 -0.146564 -0.271555
-234.587824 -297.472486 -0.239002 -0.302239
-70.126967 -193.335636 -0.071416 -0.196451
-238.611671 -132.335537 -0.242853 -0.134685
168.857901 142.688483 0.171782 0.144839
73.440936 -210.587701 0.074814 -0.214260
-163.673628 -100.812079 -0.166434 -0.102538
157.101328 -70.674527 0.159965 -0.071847
-114.074519 -166.478899 -0.116005 -0.169405
-93.929901 125.747688 -0.095614 0.127874
55.830199 117.263013 0.056782 0.119428
-232.839951 51.366170 -0.237042 0.052194
110.101982 265.359568 0.112085 0.270205
-48.440580 -172.914340 -0.049463 -0.175789
-64.223608 146.765223 -0.065084 0.149501
369.113301 71.749665 0.375663 0.072799
65.593950 101.020968 0.066823 0.102711
295.841882 -16.747891 0.300971 -0.016823
-63.696780 -87.237687 -0.064851 -0.088502
197.751189 126.230319 0.201507 0.128176
43.180435 -105.630969 0.043831 -0.107389
-62.284100 284.894464 -0.063992 0.289607
173.955151 157.813767 0.176572 0.160247
168.386902 59.154427 0.171516 0.060401
339.391349 -143.042362 0.344892 -0.145186
-48.378536 33.203690 -0.049005 0.033891
-404.605542 229.126332 -0.411443 0.233223
-190.307145 -49.207869 -0.193362 -0.050002
111.523709 -447.352255 0.113415 -0.454789
45.863539 46.307492 0.046672 0.047271
-157.406200 51.718299 -0.159742 0.052676
53.805880 357.595773 0.054740 0.363410
-335.464849 39.094472 -0.341278 0.039565
62.630887 94.211401 0.063506 0.096073
33.977836 -75.307154 0.034852 -0.076924
130.715245 178.975182 0.132908 0.181642
208.871851 -34.753575 0.212310 -0.035235
131.511097 -218.872222 0.133676 -0.222661
-120.058775 436.901317 -0.122289 0.444283
24.032033 221.483695 0.024127 0.225529
-50.607691 240.785760 -0.051786 0.245286
190.698524 -357.052102 0.193657 -0.363354
-161.427764 216.850708 -0.164187 0.220194
-54.473144 70.179168 -0.055352 0.071695
95.049405 -5.340272 0.096884 -0.005234
-402.366426 211.193126 -0.409566 0.215117
178.622068 604.677310 0.181774 0.614823
176.194230 196.997663 0.179307 0.200222
-356.815001 288.558324 -0.362901 0.293258
-75.290000 -101.329462 -0.076755 -0.102976
-204.104815 40.807981 -0.207721 0.041481
-233.179298 -259.710812 -0.237340 -0.264454
-222.247067 -208.521303 -0.226141 -0.212289
-372.587022 194.310583 -0.379351 0.197428
131.086922 -47.770930 0.133383 -0.048302
116.943722 141.419299 0.118992 0.144075
-69.187891 -49.650793 -0.070501 -0.050332
35.610441 -159.194357 0.036283 -0.162033
276.508289 65.233728 0.281506 0.066209
110.408575 160.628792 0.112357 0.163648
221.961018 -143.716392 0.225977 -0.146062
-118.492461 71.987508 -0.120393 0.073214
311.654118 -56.258792 0.316761 -0.057261
357.357049 107.763826 0.363776 0.109402
-96.394862 -165.832317 -0.097962 -0.169018
